4.5;0;12;40; 
4.51;0;12.00333333333333;26; 
4.52;0;12.00666666666667;19; 
4.53;0;12.01;19; 
4.54;0;12.01333333333333;17; 
4.55;0;12.01666666666667;17; 
4.56;0;12.02;14; 
4.57;0;12.02333333333333;15; 
4.58;0;12.02666666666667;15; 
4.59;0;12.03;16; 
4.6;0;12.03333333333333;15; 
4.61;0;12.03666666666667;14; 
4.62;0;12.04;14; 
4.63;0;12.04333333333333;14; 
4.64;0;12.04666666666667;15; 
4.65;0;12.05;17; 
4.66;0;12.05333333333333;14; 
4.67;0;12.05666666666667;13; 
4.68;0;12.06;24; 
4.69;0;12.06333333333333;21; 
4.7;0;12.06666666666667;21; 
4.71;0;12.07;19; 
4.72;0;12.07333333333333;21; 
4.73;0;12.07666666666667;20; 
4.74;0;12.08;22; 
4.75;0;12.08333333333333;24; 
4.76;0;12.08666666666667;24; 
4.77;0;12.09;25; 
4.78;0;12.09333333333333;29; 
4.79;0;12.09666666666667;31; 
4.8;0;12.1;39; 
4.81;0;12.10333333333333;40; 
4.82;0;12.10666666666667;15; 
4.83;0;12.11;81; 
4.84;0;12.11333333333333;54; 
4.85;0;12.11666666666667;39; 
4.86;0;12.12;43; 
4.87;0;12.12333333333333;78; 
4.88;0;12.12666666666667;22; 
4.89;0;12.13;17; 
4.9;0;12.13333333333333;15; 
4.91;0;12.13666666666667;16; 
4.92;0;12.14;20; 
4.93;0;12.14333333333333;22; 
4.94;0;12.14666666666667;51; 
4.95;0;12.15;37; 
4.96;0;12.15333333333333;71; 
4.97;0;12.15666666666667;71; 
4.98;0;12.16;25; 
4.99;0;12.16333333333333;24; 
5;0;12.16666666666667;18; 
5.01;0;12.17;18; 
5.02;0;12.17333333333333;20; 
5.03;0;12.17666666666667;20; 
5.04;0;12.18;20; 
5.05;0;12.18333333333333;17; 
5.06;0;12.18666666666667;20; 
5.07;0;12.19;24; 
5.08;0;12.19333333333333;25; 
5.09;0;12.19666666666667;21; 
5.1;0;12.2;23; 
5.11;0;12.20333333333333;26; 
5.12;0;12.20666666666667;32; 
5.13;0;12.21;37; 
5.14;0;12.21333333333333;45; 
5.15;0;12.21666666666667;34; 
5.16;0;12.22;51; 
5.17;0;12.22333333333333;0; 
5.18;0;12.22666666666667;0; 
5.19;0;12.23;0; 
5.2;0;12.23333333333333;0; 
5.21;0;12.23666666666667;0; 
5.22;0;12.24;0; 
5.23;0;12.24333333333333;0; 
5.24;0;12.24666666666667;0; 
5.25;0;12.25;0; 
5.26;0;12.25333333333333;0; 
5.27;0;12.25666666666667;0; 
5.28;0;12.26;0; 
5.29;0;12.26333333333333;0; 
5.3;0;12.26666666666667;0; 
5.31;0;12.27;0; 
5.32;0;12.27333333333333;0; 
5.33;0;12.27666666666667;0; 
5.34;0;12.28;0; 
5.35;0;12.28333333333333;0; 
5.36;0;12.28666666666667;0; 
5.37;0;12.29;0; 
5.38;0;12.29333333333333;0; 
5.39;0;12.29666666666667;0; 
5.4;0;12.3;0; 
5.41;0;12.30333333333333;0; 
5.42;0;12.30666666666667;0; 
5.43;0;12.31;0; 
5.44;0;12.31333333333333;0; 
5.45;0;12.31666666666667;0; 
5.46;0;12.32;0; 
5.47;0;12.32333333333333;0; 
5.48;0;12.32666666666667;0; 
5.49;0;12.33;0; 
5.5;0;12.33333333333333;0; 
5.51;0;12.33666666666667;0; 
5.52;0;12.34;0; 
5.53;0;12.34333333333333;0; 
5.54;0;12.34666666666667;0; 
5.55;0;12.35;0; 
5.56;0;12.35333333333333;0; 
5.57;0;12.35666666666667;0; 
5.58;0;12.36;0; 
5.59;0;12.36333333333333;0; 
5.6;0;12.36666666666667;0; 
5.61;0;12.37;0; 
5.62;0;12.37333333333333;0; 
5.63;0;12.37666666666667;0; 
5.640000000000001;0;12.38;0; 
5.65;0;12.38333333333333;0; 
5.66;0;12.38666666666667;0; 
5.67;0;12.39;0; 
5.68;0;12.39333333333333;0; 
5.69;0;12.39666666666667;0; 
5.7;0;12.4;0; 
5.71;0;12.40333333333333;0; 
5.72;0;12.40666666666667;0; 
5.73;0;12.41;0; 
5.74;0;12.41333333333333;0; 
5.75;0;12.41666666666667;0; 
5.76;0;12.42;0; 
5.77;0;12.42333333333333;0; 
5.78;0;12.42666666666667;0; 
5.79;0;12.43;0; 
5.8;0;12.43333333333333;0; 
5.81;0;12.43666666666667;0; 
5.82;0;12.44;0; 
5.83;0;12.44333333333333;0; 
5.84;0;12.44666666666667;0; 
5.85;0;12.45;0; 
5.86;0;12.45333333333333;0; 
5.87;0;12.45666666666667;0; 
5.88;0;12.46;0; 
5.890000000000001;0;12.46333333333333;0; 
5.9;0;12.46666666666667;0; 
5.91;0;12.47;0; 
5.92;0;12.47333333333333;0; 
5.93;0;12.47666666666667;0; 
5.94;0;12.48;0; 
5.95;0;12.48333333333333;0; 
5.96;0;12.48666666666667;0; 
5.97;0;12.49;0; 
5.98;0;12.49333333333333;0; 
5.99;0;12.49666666666667;0; 
6;0;12.5;0; 
6.01;0;12.50333333333333;0; 
6.02;0;12.50666666666667;0; 
6.03;0;12.51;0; 
6.04;0;12.51333333333333;0; 
6.05;0;12.51666666666667;0; 
6.06;0;12.52;0; 
6.07;0;12.52333333333333;0; 
6.08;0;12.52666666666667;0; 
6.09;0;12.53;0; 
6.1;0;12.53333333333333;0; 
6.11;0;12.53666666666667;0; 
6.12;0;12.54;0; 
6.13;0;12.54333333333333;0; 
6.140000000000001;0;12.54666666666667;0; 
6.15;0;12.55;0; 
6.16;0;12.55333333333333;0; 
6.17;0;12.55666666666667;0; 
6.18;0;12.56;0; 
6.19;0;12.56333333333333;0; 
6.2;0;12.56666666666667;0; 
6.21;0;12.57;0; 
6.22;0;12.57333333333333;0; 
6.23;0;12.57666666666667;0; 
6.24;0;12.58;0; 
6.25;0;12.58333333333333;0; 
6.26;0;12.58666666666667;0; 
6.27;0;12.59;0; 
6.28;0;12.59333333333333;0; 
6.29;0;12.59666666666667;0; 
6.3;0;12.6;0; 
6.31;0;12.60333333333333;0; 
6.32;0;12.60666666666667;0; 
6.33;0;12.61;0; 
6.34;0;12.61333333333333;0; 
6.35;0;12.61666666666667;0; 
6.36;0;12.62;0; 
6.37;0;12.62333333333333;0; 
6.38;0;12.62666666666667;0; 
6.390000000000001;0;12.63;0; 
6.4;0;12.63333333333333;0; 
6.41;0;12.63666666666667;0; 
6.42;0;12.64;0; 
6.43;0;12.64333333333333;0; 
6.44;0;12.64666666666667;0; 
6.45;0;12.65;0; 
6.46;0;12.65333333333333;0; 
6.47;0;12.65666666666667;0; 
6.48;0;12.66;0; 
6.49;0;12.66333333333333;0; 
6.5;0;12.66666666666667;0; 
6.51;0;12.67;0; 
6.52;0;12.67333333333333;0; 
6.53;0;12.67666666666667;0; 
6.54;0;12.68;0; 
6.55;0;12.68333333333333;0; 
6.56;0;12.68666666666667;0; 
6.57;0;12.69;0; 
6.58;0;12.69333333333333;0; 
6.59;0;12.69666666666667;0; 
6.6;0;12.7;0; 
6.609999999999999;0;12.70333333333333;0; 
6.62;0;12.70666666666667;0; 
6.63;0;12.71;0; 
6.640000000000001;0;12.71333333333333;0; 
6.65;0;12.71666666666667;0; 
6.66;0;12.72;0; 
6.67;0;12.72333333333333;0; 
6.68;0;12.72666666666667;0; 
6.69;0;12.73;0; 
6.7;0;12.73333333333333;0; 
6.71;0;12.73666666666667;0; 
6.720000000000001;0;12.74;0; 
6.73;0;12.74333333333333;0; 
6.74;0;12.74666666666667;0; 
6.75;0;12.75;0; 
6.76;0;12.75333333333333;0; 
6.77;0;12.75666666666667;0; 
6.78;0;12.76;0; 
6.79;0;12.76333333333333;0; 
6.800000000000001;0;12.76666666666667;0; 
6.81;0;12.77;0; 
6.82;0;12.77333333333333;0; 
6.83;0;12.77666666666667;0; 
6.84;0;12.78;0; 
6.85;0;12.78333333333333;0; 
6.859999999999999;0;12.78666666666667;0; 
6.87;0;12.79;0; 
6.88;0;12.79333333333333;0; 
6.890000000000001;0;12.79666666666667;0; 
6.9;0;12.8;0; 
6.91;0;12.80333333333333;0; 
6.92;0;12.80666666666667;0; 
6.93;0;12.81;0; 
6.94;0;12.81333333333333;0; 
6.95;0;12.81666666666667;0; 
6.96;0;12.82;0; 
6.970000000000001;0;12.82333333333333;0; 
6.98;0;12.82666666666667;0; 
6.99;0;12.83;0; 
7;0;12.83333333333333;0; 
7.01;0;12.83666666666667;0; 
7.02;0;12.84;0; 
7.03;0;12.84333333333333;0; 
7.04;0;12.84666666666667;0; 
7.050000000000001;0;12.85;0; 
7.06;0;12.85333333333333;0; 
7.07;0;12.85666666666667;0; 
7.08;0;12.86;0; 
7.09;0;12.86333333333333;0; 
7.1;0;12.86666666666667;0; 
7.109999999999999;0;12.87;0; 
7.12;0;12.87333333333333;0; 
7.13;0;12.87666666666667;0; 
7.140000000000001;0;12.88;0; 
7.15;0;12.88333333333333;0; 
7.16;0;12.88666666666667;0; 
7.17;0;12.89;0; 
7.18;0;12.89333333333333;0; 
7.19;0;12.89666666666667;0; 
7.2;0;12.9;0; 
7.21;0;12.90333333333333;0; 
7.220000000000001;0;12.90666666666667;0; 
7.23;0;12.91;0; 
7.24;0;12.91333333333333;0; 
7.25;0;12.91666666666667;0; 
7.26;0;12.92;0; 
7.27;0;12.92333333333333;0; 
7.28;0;12.92666666666667;0; 
7.29;0;12.93;0; 
7.300000000000001;0;12.93333333333333;0; 
7.31;0;12.93666666666667;0; 
7.32;0;12.94;0; 
7.33;0;12.94333333333333;0; 
7.34;0;12.94666666666667;0; 
7.35;0;12.95;0; 
7.359999999999999;0;12.95333333333333;0; 
7.37;0;12.95666666666667;0; 
7.38;0;12.96;0; 
7.390000000000001;0;12.96333333333333;0; 
7.4;0;12.96666666666667;0; 
7.41;0;12.97;0; 
7.42;0;12.97333333333333;0; 
7.43;0;12.97666666666667;0; 
7.44;0;12.98;0; 
7.45;0;12.98333333333333;0; 
7.46;0;12.98666666666667;0; 
7.470000000000001;0;12.99;0; 
7.48;0;12.99333333333333;0; 
7.49;0;12.99666666666667;0; 
7.5;0;13;0; 
7.51;0;13.00333333333333;0; 
7.52;0;13.00666666666667;0; 
7.53;0;13.01;0; 
7.54;0;13.01333333333333;0; 
7.550000000000001;0;13.01666666666667;0; 
7.56;0;13.02;0; 
7.57;0;13.02333333333333;0; 
7.58;0;13.02666666666667;0; 
7.59;0;13.03;0; 
7.6;0;13.03333333333333;0; 
7.609999999999999;0;13.03666666666667;0; 
7.62;0;13.04;0; 
7.63;0;13.04333333333333;0; 
7.640000000000001;0;13.04666666666667;0; 
7.65;0;13.05;0; 
7.66;0;13.05333333333333;0; 
7.67;0;13.05666666666667;0; 
7.68;0;13.06;0; 
7.69;0;13.06333333333333;0; 
7.7;0;13.06666666666667;0; 
7.71;0;13.07;0; 
7.720000000000001;0;13.07333333333333;0; 
7.73;0;13.07666666666667;0; 
7.74;0;13.08;0; 
7.75;0;13.08333333333333;0; 
7.76;0;13.08666666666667;0; 
7.77;0;13.09;0; 
7.78;0;13.09333333333333;0; 
7.79;0;13.09666666666667;0; 
7.800000000000001;0;13.1;0; 
7.81;0;13.10333333333333;0; 
7.82;0;13.10666666666667;0; 
7.83;0;13.11;0; 
7.84;0;13.11333333333333;0; 
7.85;0;13.11666666666667;0; 
7.859999999999999;0;13.12;0; 
7.87;0;13.12333333333333;0; 
7.88;0;13.12666666666667;0; 
7.890000000000001;0;13.13;0; 
7.9;0;13.13333333333333;0; 
7.91;0;13.13666666666667;0; 
7.92;0;13.14;0; 
7.93;0;13.14333333333333;0; 
7.94;0;13.14666666666667;0; 
7.95;0;13.15;0; 
7.96;0;13.15333333333333;0; 
7.970000000000001;0;13.15666666666667;0; 
7.98;0;13.16;0; 
7.99;0;13.16333333333333;0; 
8;0;13.16666666666667;0; 
8.01;0;13.17;0; 
8.02;0;13.17333333333333;0; 
8.030000000000001;0;13.17666666666667;0; 
8.039999999999999;0;13.18;0; 
8.050000000000001;0;13.18333333333333;0; 
8.06;0;13.18666666666667;0; 
8.07;0;13.19;0; 
8.08;0;13.19333333333333;0; 
8.09;0;13.19666666666667;0; 
8.1;0;13.2;0; 
8.109999999999999;0;13.20333333333333;0; 
8.120000000000001;0;13.20666666666667;0; 
8.129999999999999;0;13.21;0; 
8.140000000000001;0;13.21333333333333;0; 
8.15;0;13.21666666666667;0; 
8.16;0;13.22;0; 
8.17;0;13.22333333333333;0; 
8.18;0;13.22666666666667;0; 
8.19;0;13.23;0; 
8.199999999999999;0;13.23333333333333;0; 
8.210000000000001;0;13.23666666666667;0; 
8.220000000000001;0;13.24;0; 
8.23;0;13.24333333333333;0; 
8.24;0;13.24666666666667;0; 
8.25;0;13.25;0; 
8.26;0;13.25333333333333;0; 
8.27;0;13.25666666666667;0; 
8.280000000000001;0;13.26;0; 
8.289999999999999;0;13.26333333333333;0; 
8.300000000000001;0;13.26666666666667;0; 
8.31;0;13.27;0; 
8.32;0;13.27333333333333;0; 
8.33;0;13.27666666666667;0; 
8.34;0;13.28;0; 
8.35;0;13.28333333333333;0; 
8.359999999999999;0;13.28666666666667;0; 
8.370000000000001;0;13.29;0; 
8.379999999999999;0;13.29333333333333;0; 
8.390000000000001;0;13.29666666666667;0; 
8.4;0;13.3;0; 
8.41;0;13.30333333333333;0; 
8.42;0;13.30666666666667;0; 
8.43;0;13.31;0; 
8.44;0;13.31333333333333;0; 
8.449999999999999;0;13.31666666666667;0; 
8.460000000000001;0;13.32;0; 
8.470000000000001;0;13.32333333333333;0; 
8.48;0;13.32666666666667;0; 
8.49;0;13.33;0; 
8.5;0;13.33333333333333;0; 
8.51;0;13.33666666666667;0; 
8.52;0;13.34;0; 
8.530000000000001;0;13.34333333333333;0; 
8.539999999999999;0;13.34666666666667;0; 
8.550000000000001;0;13.35;0; 
8.56;0;13.35333333333333;0; 
8.57;0;13.35666666666667;0; 
8.58;0;13.36;0; 
8.59;0;13.36333333333333;0; 
8.6;0;13.36666666666667;0; 
8.609999999999999;0;13.37;0; 
8.620000000000001;0;13.37333333333333;0; 
8.629999999999999;0;13.37666666666667;0; 
8.640000000000001;0;13.38;0; 
8.65;0;13.38333333333333;0; 
8.66;0;13.38666666666667;0; 
8.67;0;13.39;0; 
8.68;0;13.39333333333333;0; 
8.690000000000001;0;13.39666666666667;0; 
8.699999999999999;0;13.4;0; 
8.710000000000001;0;13.40333333333333;0; 
8.719999999999999;0;13.40666666666667;0; 
8.73;0;13.41;0; 
8.74;0;13.41333333333333;0; 
8.75;0;13.41666666666667;0; 
8.76;0;13.42;0; 
8.77;0;13.42333333333333;0; 
8.780000000000001;0;13.42666666666667;0; 
8.789999999999999;0;13.43;0; 
8.800000000000001;0;13.43333333333333;0; 
8.81;0;13.43666666666667;0; 
8.82;0;13.44;0; 
8.83;0;13.44333333333333;0; 
8.84;0;13.44666666666667;0; 
8.850000000000001;0;13.45;0; 
8.859999999999999;0;13.45333333333333;0; 
8.870000000000001;0;13.45666666666667;0; 
8.879999999999999;0;13.46;0; 
8.890000000000001;0;13.46333333333333;0; 
8.9;0;13.46666666666667;0; 
8.91;0;13.47;0; 
8.92;0;13.47333333333333;0; 
8.93;0;13.47666666666667;0; 
8.940000000000001;0;13.48;0; 
8.949999999999999;0;13.48333333333333;0; 
8.960000000000001;0;13.48666666666667;0; 
8.969999999999999;0;13.49;0; 
8.98;0;13.49333333333333;0; 
8.99;0;13.49666666666667;0; 
9;0;13.5;0; 
9.01;0;13.50333333333333;0; 
9.02;0;13.50666666666667;0; 
9.030000000000001;0;13.51;0; 
9.039999999999999;0;13.51333333333333;0; 
9.050000000000001;0;13.51666666666667;0; 
9.06;0;13.52;0; 
9.07;0;13.52333333333333;0; 
9.08;0;13.52666666666667;0; 
9.09;0;13.53;0; 
9.100000000000001;0;13.53333333333333;0; 
9.109999999999999;0;13.53666666666667;0; 
9.120000000000001;0;13.54;0; 
9.129999999999999;0;13.54333333333333;0; 
9.140000000000001;0;13.54666666666667;0; 
9.15;0;13.55;0; 
9.16;0;13.55333333333333;0; 
9.17;0;13.55666666666667;0; 
9.18;0;13.56;0; 
9.190000000000001;0;13.56333333333333;0; 
9.199999999999999;0;13.56666666666667;0; 
9.210000000000001;0;13.57;0; 
9.219999999999999;0;13.57333333333333;0; 
9.23;0;13.57666666666667;0; 
9.24;0;13.58;0; 
9.25;0;13.58333333333333;0; 
9.26;0;13.58666666666667;0; 
9.27;0;13.59;0; 
9.280000000000001;0;13.59333333333333;0; 
9.289999999999999;0;13.59666666666667;0; 
9.300000000000001;0;13.6;0; 
9.31;0;13.60333333333333;0; 
9.32;0;13.60666666666667;0; 
9.33;0;13.61;0; 
9.34;0;13.61333333333333;0; 
9.350000000000001;0;13.61666666666667;0; 
9.359999999999999;0;13.62;0; 
9.370000000000001;0;13.62333333333333;0; 
9.379999999999999;0;13.62666666666667;0; 
9.390000000000001;0;13.63;0; 
9.4;0;13.63333333333333;0; 
9.41;0;13.63666666666667;0; 
9.42;0;13.64;0; 
9.43;0;13.64333333333333;0; 
9.440000000000001;0;13.64666666666667;0; 
9.449999999999999;0;13.65;0; 
9.460000000000001;0;13.65333333333333;0; 
9.469999999999999;0;13.65666666666667;0; 
9.48;0;13.66;0; 
9.49;0;13.66333333333333;0; 
9.5;0;13.66666666666667;0; 
9.51;0;13.67;0; 
9.52;0;13.67333333333333;0; 
9.530000000000001;0;13.67666666666667;0; 
9.539999999999999;0;13.68;0; 
9.550000000000001;0;13.68333333333333;0; 
9.56;0;13.68666666666667;0; 
9.57;0;13.69;0; 
9.58;0;13.69333333333333;0; 
9.59;0;13.69666666666667;0; 
9.600000000000001;0;13.7;0; 
9.609999999999999;0;13.70333333333333;0; 
9.620000000000001;0;13.70666666666667;0; 
9.629999999999999;0;13.71;0; 
9.640000000000001;0;13.71333333333333;0; 
9.65;0;13.71666666666667;0; 
9.66;0;13.72;0; 
9.67;0;13.72333333333333;0; 
9.68;0;13.72666666666667;0; 
9.690000000000001;0;13.73;0; 
9.699999999999999;0;13.73333333333333;0; 
9.710000000000001;0;13.73666666666667;0; 
9.719999999999999;0;13.74;0; 
9.73;0;13.74333333333333;0; 
9.74;0;13.74666666666667;0; 
9.75;0;13.75;0; 
9.76;0;13.75333333333333;0; 
9.77;0;13.75666666666667;0; 
9.780000000000001;0;13.76;0; 
9.789999999999999;0;13.76333333333333;0; 
9.800000000000001;0;13.76666666666667;0; 
9.81;0;13.77;0; 
9.82;0;13.77333333333333;0; 
9.83;0;13.77666666666667;0; 
9.84;0;13.78;0; 
9.850000000000001;0;13.78333333333333;0; 
9.859999999999999;0;13.78666666666667;0; 
9.870000000000001;0;13.79;0; 
9.879999999999999;0;13.79333333333333;0; 
9.890000000000001;0;13.79666666666667;0; 
9.9;0;13.8;0; 
9.91;0;13.80333333333333;0; 
9.92;0;13.80666666666667;0; 
9.93;0;13.81;0; 
9.940000000000001;0;13.81333333333333;0; 
9.949999999999999;0;13.81666666666667;0; 
9.960000000000001;0;13.82;0; 
9.969999999999999;0;13.82333333333333;0; 
9.98;0;13.82666666666667;0; 
9.99;0;13.83;0; 
10;0;13.83333333333333;0; 
10.01;0;13.83666666666667;0; 
10.02;0;13.84;0; 
10.03;0;13.84333333333333;0; 
10.04;0;13.84666666666667;0; 
10.05;0;13.85;0; 
10.06;0;13.85333333333333;0; 
10.07;0;13.85666666666667;0; 
10.08;0;13.86;0; 
10.09;0;13.86333333333333;0; 
10.1;0;13.86666666666667;0; 
10.11;0;13.87;0; 
10.12;0;13.87333333333333;0; 
10.13;0;13.87666666666667;0; 
10.14;0;13.88;0; 
10.15;0;13.88333333333333;0; 
10.16;0;13.88666666666667;0; 
10.17;0;13.89;0; 
10.18;0;13.89333333333333;0; 
10.19;0;13.89666666666667;0; 
10.2;0;13.9;0; 
10.21;0;13.90333333333333;0; 
10.22;0;13.90666666666667;0; 
10.23;0;13.91;0; 
10.24;0;13.91333333333333;0; 
10.25;0;13.91666666666667;0; 
10.26;0;13.92;0; 
10.27;0;13.92333333333333;0; 
10.28;0;13.92666666666667;0; 
10.29;0;13.93;0; 
10.3;0;13.93333333333333;0; 
10.31;0;13.93666666666667;0; 
10.32;0;13.94;0; 
10.33;0;13.94333333333333;0; 
10.34;0;13.94666666666667;0; 
10.35;0;13.95;0; 
10.36;0;13.95333333333333;0; 
10.37;0;13.95666666666667;0; 
10.38;0;13.96;0; 
10.39;0;13.96333333333333;0; 
10.4;0;13.96666666666667;0; 
10.41;0;13.97;0; 
10.42;0;13.97333333333333;0; 
10.43;0;13.97666666666667;0; 
10.44;0;13.98;0; 
10.45;0;13.98333333333333;0; 
10.46;0;13.98666666666667;0; 
10.47;0;13.99;0; 
10.48;0;13.99333333333333;0; 
10.49;0;13.99666666666667;0; 
10.5;0;14;0; 
10.51;0;14.00333333333333;0; 
10.52;0;14.00666666666667;0; 
10.53;0;14.01;0; 
10.54;0;14.01333333333333;0; 
10.55;0;14.01666666666667;0; 
10.56;0;14.02;0; 
10.57;0;14.02333333333333;0; 
10.58;0;14.02666666666667;0; 
10.59;0;14.03;0; 
10.6;0;14.03333333333333;0; 
10.61;0;14.03666666666667;0; 
10.62;0;14.04;0; 
10.63;0;14.04333333333333;0; 
10.64;0;14.04666666666667;0; 
10.65;0;14.05;0; 
10.66;0;14.05333333333333;0; 
10.67;0;14.05666666666667;0; 
10.68;0;14.06;0; 
10.69;0;14.06333333333333;0; 
10.7;0;14.06666666666667;0; 
10.71;0;14.07;0; 
10.72;0;14.07333333333333;0; 
10.73;0;14.07666666666667;0; 
10.74;0;14.08;0; 
10.75;0;14.08333333333333;0; 
10.76;0;14.08666666666667;0; 
10.77;0;14.09;0; 
10.78;0;14.09333333333333;0; 
10.79;0;14.09666666666667;0; 
10.8;0;14.1;0; 
10.81;0;14.10333333333333;0; 
10.82;0;14.10666666666667;0; 
10.83;0;14.11;0; 
10.84;0;14.11333333333333;0; 
10.85;0;14.11666666666667;0; 
10.86;0;14.12;0; 
10.87;0;14.12333333333333;0; 
10.88;0;14.12666666666667;0; 
10.89;0;14.13;0; 
10.9;0;14.13333333333333;0; 
10.91;0;14.13666666666667;0; 
10.92;0;14.14;0; 
10.93;0;14.14333333333333;0; 
10.94;0;14.14666666666667;0; 
10.95;0;14.15;0; 
10.96;0;14.15333333333333;0; 
10.97;0;14.15666666666667;0; 
10.98;0;14.16;0; 
10.99;0;14.16333333333333;0; 
11;0;14.16666666666667;0; 
11.01;0;14.17;0; 
11.02;0;14.17333333333333;0; 
11.03;0;14.17666666666667;0; 
11.04;0;14.18;0; 
11.05;0;14.18333333333333;0; 
11.06;0;14.18666666666667;0; 
11.07;0;14.19;0; 
11.08;0;14.19333333333333;0; 
11.09;0;14.19666666666667;0; 
11.1;0;14.2;0; 
11.11;0;14.20333333333333;0; 
11.12;0;14.20666666666667;0; 
11.13;0;14.21;0; 
11.14;0;14.21333333333333;0; 
11.15;0;14.21666666666667;0; 
11.16;0;14.22;0; 
11.17;0;14.22333333333333;0; 
11.18;0;14.22666666666667;0; 
11.19;0;14.23;0; 
11.2;0;14.23333333333333;0; 
11.21;0;14.23666666666667;0; 
11.22;0;14.24;0; 
11.23;0;14.24333333333333;0; 
11.24;0;14.24666666666667;0; 
11.25;0;14.25;0; 
11.26;0;14.25333333333333;0; 
11.27;0;14.25666666666667;0; 
11.28;0;14.26;0; 
11.29;0;14.26333333333333;0; 
11.3;0;14.26666666666667;0; 
11.31;0;14.27;0; 
11.32;0;14.27333333333333;0; 
11.33;0;14.27666666666667;0; 
11.34;0;14.28;0; 
11.35;0;14.28333333333333;0; 
11.36;0;14.28666666666667;0; 
11.37;0;14.29;0; 
11.38;0;14.29333333333333;0; 
11.39;0;14.29666666666667;0; 
11.4;0;14.3;0; 
11.41;0;14.30333333333333;0; 
11.42;0;14.30666666666667;0; 
11.43;0;14.31;0; 
11.44;0;14.31333333333333;0; 
11.45;0;14.31666666666667;0; 
11.46;0;14.32;0; 
11.47;0;14.32333333333333;0; 
11.48;0;14.32666666666667;0; 
11.49;0;14.33;0; 
11.5;0;14.33333333333333;0; 
11.51;0;14.33666666666667;0; 
11.52;0;14.34;0; 
11.53;0;14.34333333333333;0; 
11.54;0;14.34666666666667;0; 
11.55;0;14.35;0; 
11.56;0;14.35333333333333;0; 
11.57;0;14.35666666666667;0; 
11.58;0;14.36;0; 
11.59;0;14.36333333333333;0; 
11.6;0;14.36666666666667;0; 
11.61;0;14.37;0; 
11.62;0;14.37333333333333;0; 
11.63;0;14.37666666666667;0; 
11.64;0;14.38;0; 
11.65;0;14.38333333333333;0; 
11.66;0;14.38666666666667;0; 
11.67;0;14.39;0; 
11.68;0;14.39333333333333;0; 
11.69;0;14.39666666666667;0; 
11.7;0;14.4;0; 
11.71;0;14.40333333333333;0; 
11.72;0;14.40666666666667;0; 
11.73;0;14.41;0; 
11.74;0;14.41333333333333;0; 
11.75;0;14.41666666666667;0; 
11.76;0;14.42;0; 
11.77;0;14.42333333333333;0; 
11.78;0;14.42666666666667;0; 
11.79;0;14.43;0; 
11.8;0;14.43333333333333;0; 
11.81;0;14.43666666666667;0; 
11.82;0;14.44;0; 
11.83;0;14.44333333333333;0; 
11.84;0;14.44666666666667;0; 
11.85;0;14.45;0; 
11.86;0;14.45333333333333;0; 
11.87;0;14.45666666666667;0; 
11.88;0;14.46;0; 
11.89;0;14.46333333333333;0; 
11.9;0;14.46666666666667;0; 
11.91;0;14.47;0; 
11.92;0;14.47333333333333;0; 
11.93;0;14.47666666666667;0; 
11.94;0;14.48;0; 
11.95;0;14.48333333333333;0; 
11.96;0;14.48666666666667;0; 
11.97;0;14.49;0; 
11.98;0;14.49333333333333;0; 
11.99;0;14.49666666666667;0; 
12;0;14.5;0; 
12.01;0;14.50333333333333;0; 
12.02;0;14.50666666666667;0; 
12.03;0;14.51;0; 
12.04;0;14.51333333333333;0; 
12.05;0;14.51666666666667;0; 
12.06;0;14.52;0; 
12.07;0;14.52333333333333;0; 
12.08;0;14.52666666666667;0; 
12.09;0;14.53;0; 
12.1;0;14.53333333333333;0; 
12.11;0;14.53666666666667;0; 
12.12;0;14.54;0; 
12.13;0;14.54333333333333;0; 
12.14;0;14.54666666666667;0; 
12.15;0;14.55;0; 
12.16;0;14.55333333333333;0; 
12.17;0;14.55666666666667;0; 
12.18;0;14.56;0; 
12.19;0;14.56333333333333;0; 
12.2;0;14.56666666666667;0; 
12.21;0;14.57;0; 
12.22;0;14.57333333333333;0; 
12.23;0;14.57666666666667;0; 
12.24;0;14.58;0; 
12.25;0;14.58333333333333;0; 
12.26;0;14.58666666666667;0; 
12.27;0;14.59;0; 
12.28;0;14.59333333333333;0; 
12.29;0;14.59666666666667;0; 
12.3;0;14.6;0; 
12.31;0;14.60333333333333;0; 
12.32;0;14.60666666666667;0; 
12.33;0;14.61;0; 
12.34;0;14.61333333333333;0; 
12.35;0;14.61666666666667;0; 
12.36;0;14.62;0; 
12.37;0;14.62333333333333;0; 
12.38;0;14.62666666666667;0; 
12.39;0;14.63;0; 
12.4;0;14.63333333333333;0; 
12.41;0;14.63666666666667;0; 
12.42;0;14.64;0; 
12.43;0;14.64333333333333;0; 
12.44;0;14.64666666666667;0; 
12.45;0;14.65;0; 
12.46;0;14.65333333333333;0; 
12.47;0;14.65666666666667;0; 
12.48;0;14.66;0; 
12.49;0;14.66333333333333;0; 
12.5;0;14.66666666666667;0; 
12.51;0;14.67;0; 
12.52;0;14.67333333333333;0; 
12.53;0;14.67666666666667;0; 
12.54;0;14.68;0; 
12.55;0;14.68333333333333;0; 
12.56;0;14.68666666666667;0; 
12.57;0;14.69;0; 
12.58;0;14.69333333333333;0; 
12.59;0;14.69666666666667;0; 
12.6;0;14.7;0; 
12.61;0;14.70333333333333;0; 
12.62;0;14.70666666666667;0; 
12.63;0;14.71;0; 
12.64;0;14.71333333333333;0; 
12.65;0;14.71666666666667;0; 
12.66;0;14.72;0; 
12.67;0;14.72333333333333;0; 
12.68;0;14.72666666666667;0; 
12.69;0;14.73;0; 
12.7;0;14.73333333333333;0; 
12.71;0;14.73666666666667;0; 
12.72;0;14.74;0; 
12.73;0;14.74333333333333;0; 
12.74;0;14.74666666666667;0; 
12.75;0;14.75;0; 
12.76;0;14.75333333333333;0; 
12.77;0;14.75666666666667;0; 
12.78;0;14.76;0; 
12.79;0;14.76333333333333;0; 
12.8;0;14.76666666666667;0; 
12.81;0;14.77;0; 
12.82;0;14.77333333333333;0; 
12.83;0;14.77666666666667;0; 
12.84;0;14.78;0; 
12.85;0;14.78333333333333;0; 
12.86;0;14.78666666666667;0; 
12.87;0;14.79;0; 
12.88;0;14.79333333333333;0; 
12.89;0;14.79666666666667;0; 
12.9;0;14.8;0; 
12.91;0;14.80333333333333;0; 
12.92;0;14.80666666666667;0; 
12.93;0;14.81;0; 
12.94;0;14.81333333333333;0; 
12.95;0;14.81666666666667;0; 
12.96;0;14.82;0; 
12.97;0;14.82333333333333;0; 
12.98;0;14.82666666666667;0; 
12.99;0;14.83;0; 
13;0;14.83333333333333;0; 
13.01;0;14.83666666666667;0; 
13.02;0;14.84;0; 
13.03;0;14.84333333333333;0; 
13.04;0;14.84666666666667;0; 
13.05;0;14.85;0; 
13.06;0;14.85333333333333;0; 
13.07;0;14.85666666666667;0; 
13.08;0;14.86;0; 
13.09;0;14.86333333333333;0; 
13.1;0;14.86666666666667;0; 
13.11;0;14.87;0; 
13.12;0;14.87333333333333;0; 
13.13;0;14.87666666666667;0; 
13.14;0;14.88;0; 
13.15;0;14.88333333333333;0; 
13.16;0;14.88666666666667;0; 
13.17;0;14.89;0; 
13.18;0;14.89333333333333;0; 
13.19;0;14.89666666666667;0; 
13.2;0;14.9;0; 
13.21;0;14.90333333333333;0; 
13.22;0;14.90666666666667;0; 
13.23;0;14.91;0; 
13.24;0;14.91333333333333;0; 
13.25;0;14.91666666666667;0; 
13.26;0;14.92;0; 
13.27;0;14.92333333333333;0; 
13.28;0;14.92666666666667;0; 
13.29;0;14.93;0; 
13.3;0;14.93333333333333;0; 
13.31;0;14.93666666666667;0; 
13.32;0;14.94;0; 
13.33;0;14.94333333333333;0; 
13.34;0;14.94666666666667;0; 
13.35;0;14.95;0; 
13.36;0;14.95333333333333;0; 
13.37;0;14.95666666666667;0; 
13.38;0;14.96;0; 
13.39;0;14.96333333333333;0; 
13.4;0;14.96666666666667;0; 
13.41;0;14.97;0; 
13.42;0;14.97333333333333;0; 
13.43;0;14.97666666666667;0; 
13.44;0;14.98;0; 
13.45;0;14.98333333333333;0; 
13.46;0;14.98666666666667;0; 
13.47;0;14.99;0; 
13.48;0;14.99333333333333;0; 
13.49;0;14.99666666666667;0; 
13.5;0;15;0; 
13.51;0;15.00333333333333;0; 
13.52;0;15.00666666666667;0; 
13.53;0;15.01;0; 
13.54;0;15.01333333333333;0; 
13.55;0;15.01666666666667;0; 
13.56;0;15.02;0; 
13.57;0;15.02333333333333;0; 
13.58;0;15.02666666666667;0; 
13.59;0;15.03;0; 
13.6;0;15.03333333333333;0; 
13.61;0;15.03666666666667;0; 
13.62;0;15.04;0; 
13.63;0;15.04333333333333;0; 
13.64;0;15.04666666666667;0; 
13.65;0;15.05;0; 
13.66;0;15.05333333333333;0; 
13.67;0;15.05666666666667;0; 
13.68;0;15.06;0; 
13.69;0;15.06333333333333;0; 
13.7;0;15.06666666666667;0; 
13.71;0;15.07;0; 
13.72;0;15.07333333333333;0; 
13.73;0;15.07666666666667;0; 
13.74;0;15.08;0; 
13.75;0;15.08333333333333;0; 
13.76;0;15.08666666666667;0; 
13.77;0;15.09;0; 
13.78;0;15.09333333333333;0; 
13.79;0;15.09666666666667;0; 
13.8;0;15.1;0; 
13.81;0;15.10333333333333;0; 
13.82;0;15.10666666666667;0; 
13.83;0;15.11;0; 
13.84;0;15.11333333333333;0; 
13.85;0;15.11666666666667;0; 
13.86;0;15.12;0; 
13.87;0;15.12333333333333;0; 
13.88;0;15.12666666666667;0; 
13.89;0;15.13;0; 
13.9;0;15.13333333333333;0; 
13.91;0;15.13666666666667;0; 
13.92;0;15.14;0; 
13.93;0;15.14333333333333;0; 
13.94;0;15.14666666666667;0; 
13.95;0;15.15;0; 
13.96;0;15.15333333333333;0; 
13.97;0;15.15666666666667;0; 
13.98;0;15.16;0; 
13.99;0;15.16333333333333;0; 
14;0;15.16666666666667;0; 
14.01;0;15.17;0; 
14.02;0;15.17333333333333;0; 
14.03;0;15.17666666666667;0; 
14.04;0;15.18;0; 
14.05;0;15.18333333333333;0; 
14.06;0;15.18666666666667;0; 
14.07;0;15.19;0; 
14.08;0;15.19333333333333;0; 
14.09;0;15.19666666666667;0; 
14.1;0;15.2;0; 
14.11;0;15.20333333333333;0; 
14.12;0;15.20666666666667;0; 
14.13;0;15.21;0; 
14.14;0;15.21333333333333;0; 
14.15;0;15.21666666666667;0; 
14.16;0;15.22;0; 
14.17;0;15.22333333333333;0; 
14.18;0;15.22666666666667;0; 
14.19;0;15.23;0; 
14.2;0;15.23333333333333;0; 
14.21;0;15.23666666666667;0; 
14.22;0;15.24;0; 
14.23;0;15.24333333333333;0; 
14.24;0;15.24666666666667;0; 
14.25;0;15.25;0; 
14.26;0;15.25333333333333;0; 
14.27;0;15.25666666666667;0; 
14.28;0;15.26;0; 
14.29;0;15.26333333333333;0; 
14.3;0;15.26666666666667;0; 
14.31;0;15.27;0; 
14.32;0;15.27333333333333;0; 
14.33;0;15.27666666666667;0; 
14.34;0;15.28;0; 
14.35;0;15.28333333333333;0; 
14.36;0;15.28666666666667;0; 
14.37;0;15.29;0; 
14.38;0;15.29333333333333;0; 
14.39;0;15.29666666666667;0; 
14.4;0;15.3;0; 
14.41;0;15.30333333333333;0; 
14.42;0;15.30666666666667;0; 
14.43;0;15.31;0; 
14.44;0;15.31333333333333;0; 
14.45;0;15.31666666666667;0; 
14.46;0;15.32;0; 
14.47;0;15.32333333333333;0; 
14.48;0;15.32666666666667;0; 
14.49;0;15.33;0; 
14.5;0;15.33333333333333;0; 
14.51;0;15.33666666666667;0; 
14.52;0;15.34;0; 
14.53;0;15.34333333333333;0; 
14.54;0;15.34666666666667;0; 
14.55;0;15.35;0; 
14.56;0;15.35333333333333;0; 
14.57;0;15.35666666666667;0; 
14.58;0;15.36;0; 
14.59;0;15.36333333333333;0; 
14.6;0;15.36666666666667;0; 
14.61;0;15.37;0; 
14.62;0;15.37333333333333;0; 
14.63;0;15.37666666666667;0; 
14.64;0;15.38;0; 
14.65;0;15.38333333333333;0; 
14.66;0;15.38666666666667;0; 
14.67;0;15.39;0; 
14.68;0;15.39333333333333;0; 
14.69;0;15.39666666666667;0; 
14.7;0;15.4;0; 
14.71;0;15.40333333333333;0; 
14.72;0;15.40666666666667;0; 
14.73;0;15.41;0; 
14.74;0;15.41333333333333;0; 
14.75;0;15.41666666666667;0; 
14.76;0;15.42;0; 
14.77;0;15.42333333333333;0; 
14.78;0;15.42666666666667;0; 
14.79;0;15.43;0; 
14.8;0;15.43333333333333;0; 
14.81;0;15.43666666666667;0; 
14.82;0;15.44;0; 
14.83;0;15.44333333333333;0; 
14.84;0;15.44666666666667;0; 
14.85;0;15.45;0; 
14.86;0;15.45333333333333;0; 
14.87;0;15.45666666666667;0; 
14.88;0;15.46;0; 
14.89;0;15.46333333333333;0; 
14.9;0;15.46666666666667;0; 
14.91;0;15.47;0; 
14.92;0;15.47333333333333;0; 
14.93;0;15.47666666666667;0; 
14.94;0;15.48;0; 
14.95;0;15.48333333333333;0; 
14.96;0;15.48666666666667;0; 
14.97;0;15.49;0; 
14.98;0;15.49333333333333;0; 
14.99;0;15.49666666666667;0; 
15;0;15.5;0; 
15.01;0;15.50333333333333;0; 
15.02;0;15.50666666666667;0; 
15.03;0;15.51;0; 
15.04;0;15.51333333333333;0; 
15.05;0;15.51666666666667;0; 
15.06;0;15.52;0; 
15.07;0;15.52333333333333;0; 
15.08;0;15.52666666666667;0; 
15.09;0;15.53;0; 
15.1;0;15.53333333333333;0; 
15.11;0;15.53666666666667;0; 
15.12;0;15.54;0; 
15.13;0;15.54333333333333;0; 
15.14;0;15.54666666666667;0; 
15.15;0;15.55;0; 
15.16;0;15.55333333333333;0; 
15.17;0;15.55666666666667;0; 
15.18;0;15.56;0; 
15.19;0;15.56333333333333;0; 
15.2;0;15.56666666666667;0; 
15.21;0;15.57;0; 
15.22;0;15.57333333333333;0; 
15.23;0;15.57666666666667;0; 
15.24;0;15.58;0; 
15.25;0;15.58333333333333;0; 
15.26;0;15.58666666666667;0; 
15.27;0;15.59;0; 
15.28;0;15.59333333333333;0; 
15.29;0;15.59666666666667;0; 
15.3;0;15.6;0; 
15.31;0;15.60333333333333;0; 
15.32;0;15.60666666666667;0; 
15.33;0;15.61;0; 
15.34;0;15.61333333333333;0; 
15.35;0;15.61666666666667;0; 
15.36;0;15.62;0; 
15.37;0;15.62333333333333;0; 
15.38;0;15.62666666666667;0; 
15.39;0;15.63;0; 
15.4;0;15.63333333333333;0; 
15.41;0;15.63666666666667;0; 
15.42;0;15.64;0; 
15.43;0;15.64333333333333;0; 
15.44;0;15.64666666666667;0; 
15.45;0;15.65;0; 
15.46;0;15.65333333333333;0; 
15.47;0;15.65666666666667;0; 
15.48;0;15.66;0; 
15.49;0;15.66333333333333;0; 
15.5;0;15.66666666666667;0; 
15.51;0;15.67;0; 
15.52;0;15.67333333333333;0; 
15.53;0;15.67666666666667;0; 
15.54;0;15.68;0; 
15.55;0;15.68333333333333;0; 
15.56;0;15.68666666666667;0; 
15.57;0;15.69;0; 
15.58;0;15.69333333333333;0; 
15.59;0;15.69666666666667;0; 
15.6;0;15.7;0; 
15.61;0;15.70333333333333;0; 
15.62;0;15.70666666666667;0; 
15.63;0;15.71;0; 
15.64;0;15.71333333333333;0; 
15.65;0;15.71666666666667;0; 
15.66;0;15.72;0; 
15.67;0;15.72333333333333;0; 
15.68;0;15.72666666666667;0; 
15.69;0;15.73;0; 
15.7;0;15.73333333333333;0; 
15.71;0;15.73666666666667;0; 
15.72;0;15.74;0; 
15.73;0;15.74333333333333;0; 
15.74;0;15.74666666666667;0; 
15.75;0;15.75;0; 
15.76;0;15.75333333333333;0; 
15.77;0;15.75666666666667;0; 
15.78;0;15.76;0; 
15.79;0;15.76333333333333;0; 
15.8;0;15.76666666666667;0; 
15.81;0;15.77;0; 
15.82;0;15.77333333333333;0; 
15.83;0;15.77666666666667;0; 
15.84;0;15.78;0; 
15.85;0;15.78333333333333;0; 
15.86;0;15.78666666666667;0; 
15.87;0;15.79;0; 
15.88;0;15.79333333333333;0; 
15.89;0;15.79666666666667;0; 
15.9;0;15.8;0; 
15.91;0;15.80333333333333;0; 
15.92;0;15.80666666666667;0; 
15.93;0;15.81;0; 
15.94;0;15.81333333333333;0; 
15.95;0;15.81666666666667;0; 
15.96;0;15.82;0; 
15.97;0;15.82333333333333;0; 
15.98;0;15.82666666666667;0; 
15.99;0;15.83;0; 
16;0;15.83333333333333;0; 
16.01;0;15.83666666666667;0; 
16.02;0;15.84;0; 
16.03;0;15.84333333333333;0; 
16.04;0;15.84666666666667;0; 
16.05;0;15.85;0; 
16.06;0;15.85333333333333;0; 
16.07;0;15.85666666666667;0; 
16.08;0;15.86;0; 
16.09;0;15.86333333333333;0; 
16.1;0;15.86666666666667;0; 
16.11;0;15.87;0; 
16.12;0;15.87333333333333;0; 
16.13;0;15.87666666666667;0; 
16.14;0;15.88;0; 
16.15;0;15.88333333333333;0; 
16.16;0;15.88666666666667;0; 
16.17;0;15.89;0; 
16.18;0;15.89333333333333;0; 
16.19;0;15.89666666666667;0; 
16.2;0;15.9;0; 
16.21;0;15.90333333333333;0; 
16.22;0;15.90666666666667;0; 
16.23;0;15.91;0; 
16.24;0;15.91333333333333;0; 
16.25;0;15.91666666666667;0; 
16.26;0;15.92;0; 
16.27;0;15.92333333333333;0; 
16.28;0;15.92666666666667;0; 
16.29;0;15.93;0; 
16.3;0;15.93333333333333;0; 
16.31;0;15.93666666666667;0; 
16.32;0;15.94;0; 
16.33;0;15.94333333333333;0; 
16.34;0;15.94666666666667;0; 
16.35;0;15.95;0; 
16.36;0;15.95333333333333;0; 
16.37;0;15.95666666666667;0; 
16.38;0;15.96;0; 
16.39;0;15.96333333333333;0; 
16.4;0;15.96666666666667;0; 
16.41;0;15.97;0; 
16.42;0;15.97333333333333;0; 
16.43;0;15.97666666666667;0; 
16.44;0;15.98;0; 
16.45;0;15.98333333333333;0; 
16.46;0;15.98666666666667;0; 
16.47;0;15.99;0; 
16.48;0;15.99333333333333;0; 
16.49;0;15.99666666666667;0; 
16.5;0;16;0; 
16.51;0;16.00333333333333;0; 
16.52;0;16.00666666666667;0; 
16.53;0;16.01;0; 
16.54;0;16.01333333333334;0; 
16.55;0;16.01666666666667;0; 
16.56;0;16.02;0; 
16.57;0;16.02333333333333;0; 
16.58;0;16.02666666666667;0; 
16.59;0;16.03;0; 
16.6;0;16.03333333333333;0; 
16.61;0;16.03666666666667;0; 
16.62;0;16.04;0; 
16.63;0;16.04333333333333;0; 
16.64;0;16.04666666666667;0; 
16.65;0;16.05;0; 
16.66;0;16.05333333333333;0; 
16.67;0;16.05666666666666;0; 
16.68;0;16.06;0; 
16.69;0;16.06333333333333;0; 
16.7;0;16.06666666666667;0; 
16.71;0;16.07;0; 
16.72;0;16.07333333333333;0; 
16.73;0;16.07666666666667;0; 
16.74;0;16.08;0; 
16.75;0;16.08333333333334;0; 
16.76;0;16.08666666666667;0; 
16.77;0;16.09;0; 
16.78;0;16.09333333333333;0; 
16.79;0;16.09666666666667;0; 
16.8;0;16.1;0; 
16.81;0;16.10333333333333;0; 
16.82;0;16.10666666666667;0; 
16.83;0;16.11;0; 
16.84;0;16.11333333333333;0; 
16.85;0;16.11666666666667;0; 
16.86;0;16.12;0; 
16.87;0;16.12333333333333;0; 
16.88;0;16.12666666666667;0; 
16.89;0;16.13;0; 
16.9;0;16.13333333333333;0; 
16.91;0;16.13666666666667;0; 
16.92;0;16.14;0; 
16.93;0;16.14333333333333;0; 
16.94;0;16.14666666666667;0; 
16.95;0;16.15;0; 
16.96;0;16.15333333333333;0; 
16.97;0;16.15666666666667;0; 
16.98;0;16.16;0; 
16.99;0;16.16333333333333;0; 
17;0;16.16666666666667;0; 
17.01;0;16.17;0; 
17.02;0;16.17333333333333;0; 
17.03;0;16.17666666666667;0; 
17.04;0;16.18;0; 
17.05;0;16.18333333333333;0; 
17.06;1;16.18666666666667;0; 
17.07;0;16.19;0; 
17.08;0;16.19333333333334;0; 
17.09;0;16.19666666666667;0; 
17.1;0;16.2;0; 
17.11;0;16.20333333333333;0; 
17.12;0;16.20666666666667;0; 
17.13;0;16.21;0; 
17.14;0;16.21333333333333;0; 
17.15;1;16.21666666666667;0; 
17.16;0;16.22;0; 
17.17;1;16.22333333333333;0; 
17.18;0;16.22666666666667;0; 
17.19;0;16.23;0; 
17.2;0;16.23333333333333;0; 
17.21;0;16.23666666666667;0; 
17.22;0;16.24;0; 
17.23;0;16.24333333333333;0; 
17.24;0;16.24666666666667;0; 
17.25;0;16.25;0; 
17.26;0;16.25333333333333;0; 
17.27;0;16.25666666666667;0; 
17.28;0;16.26;0; 
17.29;0;16.26333333333334;0; 
17.3;0;16.26666666666667;0; 
17.31;0;16.27;0; 
17.32;0;16.27333333333333;0; 
17.33;1;16.27666666666667;0; 
17.34;0;16.28;0; 
17.35;0;16.28333333333333;0; 
17.36;0;16.28666666666667;0; 
17.37;0;16.29;0; 
17.38;0;16.29333333333333;0; 
17.39;0;16.29666666666667;0; 
17.4;0;16.3;0; 
17.41;0;16.30333333333333;0; 
17.42;2;16.30666666666666;0; 
17.43;1;16.31;0; 
17.44;0;16.31333333333333;0; 
17.45;0;16.31666666666667;0; 
17.46;0;16.32;0; 
17.47;0;16.32333333333333;0; 
17.48;1;16.32666666666667;0; 
17.49;0;16.33;0; 
17.5;0;16.33333333333334;0; 
17.51;0;16.33666666666667;0; 
17.52;0;16.34;0; 
17.53;0;16.34333333333333;0; 
17.54;0;16.34666666666667;0; 
17.55;0;16.35;0; 
17.56;0;16.35333333333333;0; 
17.57;0;16.35666666666667;0; 
17.58;0;16.36;0; 
17.59;0;16.36333333333333;0; 
17.6;0;16.36666666666667;0; 
17.61;0;16.37;0; 
17.62;0;16.37333333333333;0; 
17.63;0;16.37666666666667;0; 
17.64;0;16.38;0; 
17.65;0;16.38333333333333;0; 
17.66;0;16.38666666666667;0; 
17.67;1;16.39;0; 
17.68;0;16.39333333333333;0; 
17.69;0;16.39666666666667;0; 
17.7;0;16.4;0; 
17.71;0;16.40333333333333;0; 
17.72;0;16.40666666666667;0; 
17.73;0;16.41;0; 
17.74;0;16.41333333333333;0; 
17.75;1;16.41666666666667;0; 
17.76;0;16.42;0; 
17.77;0;16.42333333333333;0; 
17.78;0;16.42666666666667;0; 
17.79;0;16.43;0; 
17.8;0;16.43333333333333;0; 
17.81;0;16.43666666666667;0; 
17.82;0;16.44;0; 
17.83;0;16.44333333333334;0; 
17.84;0;16.44666666666667;0; 
17.85;1;16.45;0; 
17.86;0;16.45333333333333;0; 
17.87;0;16.45666666666667;0; 
17.88;0;16.46;0; 
17.89;0;16.46333333333333;0; 
17.9;0;16.46666666666667;0; 
17.91;0;16.47;0; 
17.92;0;16.47333333333333;0; 
17.93;0;16.47666666666667;0; 
17.94;0;16.48;0; 
17.95;1;16.48333333333333;0; 
17.96;0;16.48666666666667;0; 
17.97;1;16.49;0; 
17.98;0;16.49333333333333;0; 
17.99;0;16.49666666666667;0; 
18;0;16.5;0; 
18.01;0;16.50333333333333;0; 
18.02;0;16.50666666666667;0; 
18.03;0;16.51;0; 
18.04;0;16.51333333333334;0; 
18.05;0;16.51666666666667;0; 
18.06;0;16.52;0; 
18.07;0;16.52333333333333;0; 
18.08;0;16.52666666666667;0; 
18.09;0;16.53;0; 
18.1;0;16.53333333333333;0; 
18.11;0;16.53666666666667;0; 
18.12;0;16.54;0; 
18.13;0;16.54333333333333;0; 
18.14;0;16.54666666666667;0; 
18.15;0;16.55;0; 
18.16;0;16.55333333333333;0; 
18.17;0;16.55666666666666;0; 
18.18;0;16.56;0; 
18.19;0;16.56333333333333;0; 
18.2;0;16.56666666666667;0; 
18.21;0;16.57;0; 
18.22;0;16.57333333333333;0; 
18.23;0;16.57666666666667;0; 
18.24;1;16.58;0; 
18.25;0;16.58333333333334;0; 
18.26;0;16.58666666666667;0; 
18.27;0;16.59;0; 
18.28;1;16.59333333333333;0; 
18.29;0;16.59666666666667;0; 
18.3;0;16.6;0; 
18.31;0;16.60333333333333;0; 
18.32;0;16.60666666666667;0; 
18.33;0;16.61;0; 
18.34;0;16.61333333333333;0; 
18.35;0;16.61666666666667;0; 
18.36;0;16.62;0; 
18.37;0;16.62333333333333;0; 
18.38;0;16.62666666666667;0; 
18.39;1;16.63;0; 
18.4;0;16.63333333333333;0; 
18.41;0;16.63666666666667;0; 
18.42;0;16.64;0; 
18.43;0;16.64333333333333;0; 
18.44;0;16.64666666666667;0; 
18.45;0;16.65;0; 
18.46;0;16.65333333333333;0; 
18.47;0;16.65666666666667;0; 
18.48;1;16.66;0; 
18.49;0;16.66333333333333;0; 
18.5;0;16.66666666666667;0; 
18.51;0;16.67;0; 
18.52;1;16.67333333333333;0; 
18.53;1;16.67666666666667;0; 
18.54;1;16.68;0; 
18.55;0;16.68333333333333;0; 
18.56;0;16.68666666666667;0; 
18.57;2;16.69;0; 
18.58;0;16.69333333333334;0; 
18.59;0;16.69666666666667;0; 
18.6;1;16.7;0; 
18.61;0;16.70333333333333;0; 
18.62;1;16.70666666666667;0; 
18.63;0;16.71;0; 
18.64;0;16.71333333333333;0; 
18.65;0;16.71666666666667;0; 
18.66;1;16.72;0; 
18.67;0;16.72333333333333;0; 
18.68;0;16.72666666666667;0; 
18.69;0;16.73;0; 
18.7;0;16.73333333333333;0; 
18.71;0;16.73666666666667;0; 
18.72;0;16.74;0; 
18.73;0;16.74333333333333;0; 
18.74;1;16.74666666666667;0; 
18.75;0;16.75;0; 
18.76;0;16.75333333333333;0; 
18.77;0;16.75666666666667;0; 
18.78;0;16.76;0; 
18.79;1;16.76333333333334;0; 
18.8;1;16.76666666666667;0; 
18.81;0;16.77;0; 
18.82;0;16.77333333333333;0; 
18.83;0;16.77666666666667;0; 
18.84;0;16.78;0; 
18.85;2;16.78333333333333;0; 
18.86;0;16.78666666666667;0; 
18.87;0;16.79;0; 
18.88;0;16.79333333333333;0; 
18.89;0;16.79666666666667;0; 
18.9;1;16.8;0; 
18.91;0;16.80333333333333;0; 
18.92;1;16.80666666666666;0; 
18.93;0;16.81;0; 
18.94;0;16.81333333333333;0; 
18.95;0;16.81666666666667;0; 
18.96;1;16.82;0; 
18.97;0;16.82333333333333;0; 
18.98;0;16.82666666666667;0; 
18.99;0;16.83;0; 
19;1;16.83333333333334;0; 
19.01;0;16.83666666666667;0; 
19.02;0;16.84;0; 
19.03;0;16.84333333333333;0; 
19.04;1;16.84666666666667;0; 
19.05;0;16.85;0; 
19.06;0;16.85333333333333;0; 
19.07;0;16.85666666666667;0; 
19.08;0;16.86;0; 
19.09;1;16.86333333333333;0; 
19.1;1;16.86666666666667;0; 
19.11;0;16.87;0; 
19.12;0;16.87333333333333;0; 
19.13;0;16.87666666666667;0; 
19.14;0;16.88;0; 
19.15;1;16.88333333333333;0; 
19.16;1;16.88666666666667;0; 
19.17;0;16.89;0; 
19.18;0;16.89333333333333;0; 
19.19;0;16.89666666666667;0; 
19.2;0;16.9;0; 
19.21;0;16.90333333333333;0; 
19.22;0;16.90666666666667;0; 
19.23;1;16.91;0; 
19.24;0;16.91333333333333;0; 
19.25;1;16.91666666666667;0; 
19.26;0;16.92;0; 
19.27;0;16.92333333333333;0; 
19.28;3;16.92666666666667;0; 
19.29;2;16.93;0; 
19.3;0;16.93333333333333;0; 
19.31;0;16.93666666666667;0; 
19.32;0;16.94;0; 
19.33;0;16.94333333333334;0; 
19.34;0;16.94666666666667;0; 
19.35;1;16.95;0; 
19.36;2;16.95333333333333;0; 
19.37;0;16.95666666666667;0; 
19.38;0;16.96;0; 
19.39;0;16.96333333333333;0; 
19.4;1;16.96666666666667;0; 
19.41;0;16.97;0; 
19.42;0;16.97333333333333;0; 
19.43;0;16.97666666666667;0; 
19.44;1;16.98;0; 
19.45;0;16.98333333333333;0; 
19.46;0;16.98666666666667;0; 
19.47;0;16.99;0; 
19.48;0;16.99333333333333;0; 
19.49;1;16.99666666666667;0; 
19.5;0;17;0; 
19.51;2;17.00333333333333;0; 
19.52;0;17.00666666666667;0; 
19.53;0;17.01;0; 
19.54;0;17.01333333333334;0; 
19.55;0;17.01666666666667;0; 
19.56;1;17.02;0; 
19.57;1;17.02333333333333;0; 
19.58;0;17.02666666666667;0; 
19.59;1;17.03;0; 
19.6;1;17.03333333333333;0; 
19.61;0;17.03666666666667;0; 
19.62;4;17.04;0; 
19.63;2;17.04333333333333;0; 
19.64;0;17.04666666666667;0; 
19.65;0;17.05;0; 
19.66;2;17.05333333333333;0; 
19.67;1;17.05666666666666;0; 
19.68;0;17.06;0; 
19.69;0;17.06333333333333;0; 
19.7;1;17.06666666666667;0; 
19.71;1;17.07;0; 
19.72;0;17.07333333333333;0; 
19.73;0;17.07666666666667;0; 
19.74;2;17.08;0; 
19.75;0;17.08333333333334;0; 
19.76;1;17.08666666666667;0; 
19.77;1;17.09;0; 
19.78;4;17.09333333333333;0; 
19.79;1;17.09666666666667;0; 
19.8;1;17.1;0; 
19.81;1;17.10333333333333;0; 
19.82;0;17.10666666666667;0; 
19.83;1;17.11;0; 
19.84;2;17.11333333333333;0; 
19.85;0;17.11666666666667;0; 
19.86;1;17.12;0; 
19.87;1;17.12333333333333;0; 
19.88;3;17.12666666666667;0; 
19.89;0;17.13;0; 
19.9;2;17.13333333333333;0; 
19.91;0;17.13666666666667;0; 
19.92;0;17.14;0; 
19.93;1;17.14333333333333;0; 
19.94;0;17.14666666666667;0; 
19.95;0;17.15;0; 
19.96;0;17.15333333333333;0; 
19.97;0;17.15666666666667;0; 
19.98;1;17.16;0; 
19.99;1;17.16333333333333;0; 
20;0;17.16666666666667;0; 
20.01;0;17.17;0; 
20.02;0;17.17333333333333;0; 
20.03;2;17.17666666666667;0; 
20.04;1;17.18;0; 
20.05;2;17.18333333333333;0; 
20.06;2;17.18666666666667;0; 
20.07;1;17.19;0; 
20.08;1;17.19333333333334;0; 
20.09;0;17.19666666666667;0; 
20.1;2;17.2;0; 
20.11;3;17.20333333333333;0; 
20.12;1;17.20666666666667;0; 
20.13;0;17.21;0; 
20.14;2;17.21333333333333;0; 
20.15;1;17.21666666666667;0; 
20.16;2;17.22;0; 
20.17;1;17.22333333333333;0; 
20.18;0;17.22666666666667;0; 
20.19;2;17.23;0; 
20.2;0;17.23333333333333;0; 
20.21;2;17.23666666666667;0; 
20.22;1;17.24;0; 
20.23;1;17.24333333333333;0; 
20.24;0;17.24666666666667;0; 
20.25;0;17.25;0; 
20.26;0;17.25333333333333;0; 
20.27;0;17.25666666666667;0; 
20.28;3;17.26;0; 
20.29;3;17.26333333333334;0; 
20.3;1;17.26666666666667;0; 
20.31;1;17.27;0; 
20.32;2;17.27333333333333;0; 
20.33;0;17.27666666666667;0; 
20.34;0;17.28;0; 
20.35;2;17.28333333333333;0; 
20.36;1;17.28666666666667;0; 
20.37;1;17.29;0; 
20.38;2;17.29333333333333;0; 
20.39;3;17.29666666666667;0; 
20.4;2;17.3;0; 
20.41;1;17.30333333333333;0; 
20.42;2;17.30666666666666;0; 
20.43;2;17.31;0; 
20.44;0;17.31333333333333;0; 
20.45;1;17.31666666666667;0; 
20.46;4;17.32;0; 
20.47;1;17.32333333333333;0; 
20.48;1;17.32666666666667;0; 
20.49;1;17.33;0; 
20.5;1;17.33333333333334;0; 
20.51;0;17.33666666666667;0; 
20.52;3;17.34;0; 
20.53;3;17.34333333333333;0; 
20.54;0;17.34666666666667;0; 
20.55;3;17.35;0; 
20.56;4;17.35333333333333;0; 
20.57;2;17.35666666666667;0; 
20.58;1;17.36;0; 
20.59;1;17.36333333333333;0; 
20.6;1;17.36666666666667;0; 
20.61;2;17.37;0; 
20.62;0;17.37333333333333;0; 
20.63;0;17.37666666666667;0; 
20.64;2;17.38;0; 
20.65;1;17.38333333333333;0; 
20.66;2;17.38666666666667;0; 
20.67;3;17.39;0; 
20.68;0;17.39333333333333;0; 
20.69;3;17.39666666666667;0; 
20.7;0;17.4;0; 
20.71;1;17.40333333333333;0; 
20.72;1;17.40666666666667;0; 
20.73;2;17.41;0; 
20.74;3;17.41333333333333;0; 
20.75;1;17.41666666666667;0; 
20.76;2;17.42;0; 
20.77;5;17.42333333333333;0; 
20.78;3;17.42666666666667;0; 
20.79;1;17.43;0; 
20.8;3;17.43333333333333;0; 
20.81;1;17.43666666666667;0; 
20.82;0;17.44;0; 
20.83;0;17.44333333333334;0; 
20.84;1;17.44666666666667;0; 
20.85;0;17.45;0; 
20.86;1;17.45333333333333;0; 
20.87;5;17.45666666666667;0; 
20.88;0;17.46;0; 
20.89;0;17.46333333333333;0; 
20.9;1;17.46666666666667;0; 
20.91;2;17.47;0; 
20.92;2;17.47333333333333;0; 
20.93;1;17.47666666666667;0; 
20.94;2;17.48;0; 
20.95;3;17.48333333333333;0; 
20.96;3;17.48666666666667;0; 
20.97;1;17.49;0; 
20.98;3;17.49333333333333;0; 
20.99;2;17.49666666666667;0; 
21;2;17.5;0; 
21.01;2;17.50333333333333;0; 
21.02;1;17.50666666666667;0; 
21.03;2;17.51;0; 
21.04;3;17.51333333333334;0; 
21.05;0;17.51666666666667;0; 
21.06;3;17.52;0; 
21.07;2;17.52333333333333;0; 
21.08;1;17.52666666666667;0; 
21.09;1;17.53;0; 
21.1;2;17.53333333333333;0; 
21.11;0;17.53666666666667;0; 
21.12;2;17.54;0; 
21.13;5;17.54333333333333;0; 
21.14;2;17.54666666666667;0; 
21.15;2;17.55;0; 
21.16;1;17.55333333333333;0; 
21.17;0;17.55666666666666;0; 
21.18;1;17.56;0; 
21.19;4;17.56333333333333;0; 
21.2;4;17.56666666666667;0; 
21.21;1;17.57;0; 
21.22;1;17.57333333333333;0; 
21.23;2;17.57666666666667;0; 
21.24;0;17.58;0; 
21.25;1;17.58333333333334;0; 
21.26;1;17.58666666666667;0; 
21.27;2;17.59;0; 
21.28;1;17.59333333333333;0; 
21.29;4;17.59666666666667;0; 
21.3;1;17.6;0; 
21.31;2;17.60333333333333;0; 
21.32;2;17.60666666666667;0; 
21.33;0;17.61;0; 
21.34;1;17.61333333333333;0; 
21.35;0;17.61666666666667;0; 
21.36;2;17.62;0; 
21.37;3;17.62333333333333;0; 
21.38;1;17.62666666666667;0; 
21.39;5;17.63;0; 
21.4;0;17.63333333333333;0; 
21.41;3;17.63666666666667;0; 
21.42;2;17.64;0; 
21.43;2;17.64333333333333;0; 
21.44;0;17.64666666666667;0; 
21.45;2;17.65;0; 
21.46;1;17.65333333333333;0; 
21.47;3;17.65666666666667;0; 
21.48;2;17.66;0; 
21.49;3;17.66333333333333;0; 
21.5;3;17.66666666666667;0; 
21.51;0;17.67;0; 
21.52;2;17.67333333333333;0; 
21.53;0;17.67666666666667;0; 
21.54;2;17.68;0; 
21.55;3;17.68333333333333;0; 
21.56;1;17.68666666666667;0; 
21.57;1;17.69;0; 
21.58;1;17.69333333333334;0; 
21.59;3;17.69666666666667;0; 
21.6;3;17.7;0; 
21.61;2;17.70333333333333;0; 
21.62;0;17.70666666666667;0; 
21.63;2;17.71;0; 
21.64;1;17.71333333333333;0; 
21.65;1;17.71666666666667;0; 
21.66;3;17.72;0; 
21.67;2;17.72333333333333;0; 
21.68;0;17.72666666666667;0; 
21.69;1;17.73;0; 
21.7;1;17.73333333333333;0; 
21.71;4;17.73666666666667;0; 
21.72;1;17.74;0; 
21.73;3;17.74333333333333;0; 
21.74;2;17.74666666666667;0; 
21.75;6;17.75;0; 
21.76;2;17.75333333333333;0; 
21.77;1;17.75666666666667;0; 
21.78;1;17.76;0; 
21.79;2;17.76333333333334;0; 
21.8;1;17.76666666666667;0; 
21.81;2;17.77;0; 
21.82;2;17.77333333333333;0; 
21.83;2;17.77666666666667;0; 
21.84;2;17.78;0; 
21.85;3;17.78333333333333;0; 
21.86;3;17.78666666666667;0; 
21.87;1;17.79;0; 
21.88;1;17.79333333333333;0; 
21.89;4;17.79666666666667;0; 
21.9;6;17.8;0; 
21.91;3;17.80333333333333;0; 
21.92;3;17.80666666666666;0; 
21.93;5;17.81;0; 
21.94;4;17.81333333333333;0; 
21.95;3;17.81666666666667;0; 
21.96;1;17.82;0; 
21.97;2;17.82333333333333;0; 
21.98;1;17.82666666666667;0; 
21.99;1;17.83;0; 
22;4;17.83333333333334;0; 
22.01;4;17.83666666666667;0; 
22.02;4;17.84;0; 
22.03;5;17.84333333333333;0; 
22.04;0;17.84666666666667;0; 
22.05;0;17.85;0; 
22.06;2;17.85333333333333;0; 
22.07;4;17.85666666666667;0; 
22.08;3;17.86;0; 
22.09;2;17.86333333333333;0; 
22.1;3;17.86666666666667;0; 
22.11;0;17.87;0; 
22.12;1;17.87333333333333;0; 
22.13;1;17.87666666666667;0; 
22.14;5;17.88;0; 
22.15;5;17.88333333333333;0; 
22.16;4;17.88666666666667;0; 
22.17;4;17.89;0; 
22.18;1;17.89333333333333;0; 
22.19;2;17.89666666666667;0; 
22.2;0;17.9;0; 
22.21;2;17.90333333333333;0; 
22.22;2;17.90666666666667;0; 
22.23;2;17.91;0; 
22.24;7;17.91333333333333;0; 
22.25;5;17.91666666666667;0; 
22.26;6;17.92;0; 
22.27;3;17.92333333333333;0; 
22.28;2;17.92666666666667;0; 
22.29;2;17.93;0; 
22.3;2;17.93333333333333;0; 
22.31;3;17.93666666666667;0; 
22.32;2;17.94;0; 
22.33;3;17.94333333333334;0; 
22.34;4;17.94666666666667;0; 
22.35;3;17.95;0; 
22.36;3;17.95333333333333;0; 
22.37;4;17.95666666666667;0; 
22.38;5;17.96;0; 
22.39;5;17.96333333333333;0; 
22.4;3;17.96666666666667;0; 
22.41;3;17.97;0; 
22.42;1;17.97333333333333;0; 
22.43;4;17.97666666666667;0; 
22.44;5;17.98;0; 
22.45;3;17.98333333333333;0; 
22.46;2;17.98666666666667;0; 
22.47;3;17.99;0; 
22.48;7;17.99333333333333;0; 
22.49;5;17.99666666666667;0; 
22.5;4;18;0; 
22.51;5;18.00333333333333;0; 
22.52;1;18.00666666666667;0; 
22.53;5;18.01;0; 
22.54;9;18.01333333333334;0; 
22.55;1;18.01666666666667;0; 
22.56;0;18.02;0; 
22.57;1;18.02333333333333;0; 
22.58;4;18.02666666666667;0; 
22.59;2;18.03;0; 
22.6;0;18.03333333333333;0; 
22.61;5;18.03666666666667;0; 
22.62;3;18.04;0; 
22.63;4;18.04333333333333;0; 
22.64;2;18.04666666666667;0; 
22.65;2;18.05;0; 
22.66;1;18.05333333333333;0; 
22.67;5;18.05666666666666;0; 
22.68;4;18.06;0; 
22.69;6;18.06333333333333;0; 
22.7;0;18.06666666666667;0; 
22.71;5;18.07;0; 
22.72;2;18.07333333333333;0; 
22.73;3;18.07666666666667;0; 
22.74;1;18.08;0; 
22.75;8;18.08333333333334;0; 
22.76;4;18.08666666666667;0; 
22.77;6;18.09;0; 
22.78;4;18.09333333333333;0; 
22.79;1;18.09666666666667;0; 
22.8;4;18.1;0; 
22.81;5;18.10333333333333;0; 
22.82;4;18.10666666666667;0; 
22.83;5;18.11;0; 
22.84;3;18.11333333333333;0; 
22.85;3;18.11666666666667;0; 
22.86;7;18.12;0; 
22.87;3;18.12333333333333;0; 
22.88;2;18.12666666666667;0; 
22.89;2;18.13;0; 
22.9;7;18.13333333333333;0; 
22.91;5;18.13666666666667;0; 
22.92;3;18.14;0; 
22.93;2;18.14333333333333;0; 
22.94;1;18.14666666666667;0; 
22.95;2;18.15;0; 
22.96;2;18.15333333333333;0; 
22.97;0;18.15666666666667;0; 
22.98;1;18.16;0; 
22.99;4;18.16333333333333;0; 
23;4;18.16666666666667;0; 
23.01;4;18.17;0; 
23.02;3;18.17333333333333;0; 
23.03;3;18.17666666666667;0; 
23.04;3;18.18;0; 
23.05;2;18.18333333333333;0; 
23.06;4;18.18666666666667;0; 
23.07;3;18.19;0; 
23.08;6;18.19333333333334;0; 
23.09;4;18.19666666666667;0; 
23.1;0;18.2;0; 
23.11;2;18.20333333333333;0; 
23.12;6;18.20666666666667;0; 
23.13;2;18.21;0; 
23.14;2;18.21333333333333;0; 
23.15;0;18.21666666666667;0; 
23.16;7;18.22;0; 
23.17;5;18.22333333333333;0; 
23.18;3;18.22666666666667;0; 
23.19;4;18.23;0; 
23.2;2;18.23333333333333;0; 
23.21;2;18.23666666666667;0; 
23.22;3;18.24;0; 
23.23;4;18.24333333333333;0; 
23.24;3;18.24666666666667;0; 
23.25;3;18.25;0; 
23.26;4;18.25333333333333;0; 
23.27;8;18.25666666666667;0; 
23.28;2;18.26;0; 
23.29;6;18.26333333333334;0; 
23.3;2;18.26666666666667;0; 
23.31;3;18.27;0; 
23.32;2;18.27333333333333;0; 
23.33;4;18.27666666666667;0; 
23.34;3;18.28;0; 
23.35;1;18.28333333333333;0; 
23.36;3;18.28666666666667;0; 
23.37;7;18.29;0; 
23.38;5;18.29333333333333;0; 
23.39;5;18.29666666666667;0; 
23.4;4;18.3;0; 
23.41;6;18.30333333333333;0; 
23.42;1;18.30666666666666;0; 
23.43;0;18.31;0; 
23.44;12;18.31333333333333;0; 
23.45;1;18.31666666666667;0; 
23.46;2;18.32;0; 
23.47;4;18.32333333333333;0; 
23.48;2;18.32666666666667;0; 
23.49;3;18.33;0; 
23.5;0;18.33333333333334;0; 
23.51;8;18.33666666666667;0; 
23.52;5;18.34;0; 
23.53;6;18.34333333333333;0; 
23.54;4;18.34666666666667;0; 
23.55;5;18.35;0; 
23.56;10;18.35333333333333;0; 
23.57;5;18.35666666666667;0; 
23.58;2;18.36;0; 
23.59;6;18.36333333333333;0; 
23.6;6;18.36666666666667;0; 
23.61;4;18.37;0; 
23.62;4;18.37333333333333;0; 
23.63;4;18.37666666666667;0; 
23.64;3;18.38;0; 
23.65;0;18.38333333333333;0; 
23.66;2;18.38666666666667;0; 
23.67;2;18.39;0; 
23.68;2;18.39333333333333;0; 
23.69;7;18.39666666666667;0; 
23.7;2;18.4;0; 
23.71;3;18.40333333333333;0; 
23.72;2;18.40666666666667;0; 
23.73;6;18.41;0; 
23.74;4;18.41333333333333;0; 
23.75;6;18.41666666666667;0; 
23.76;4;18.42;0; 
23.77;6;18.42333333333333;0; 
23.78;1;18.42666666666667;0; 
23.79;7;18.43;0; 
23.8;3;18.43333333333333;0; 
23.81;4;18.43666666666667;0; 
23.82;4;18.44;0; 
23.83;5;18.44333333333334;0; 
23.84;2;18.44666666666667;0; 
23.85;4;18.45;0; 
23.86;8;18.45333333333333;0; 
23.87;8;18.45666666666667;0; 
23.88;2;18.46;0; 
23.89;3;18.46333333333333;0; 
23.9;6;18.46666666666667;0; 
23.91;3;18.47;0; 
23.92;3;18.47333333333333;0; 
23.93;2;18.47666666666667;0; 
23.94;4;18.48;0; 
23.95;3;18.48333333333333;0; 
23.96;13;18.48666666666667;0; 
23.97;5;18.49;0; 
23.98;6;18.49333333333333;0; 
23.99;5;18.49666666666667;0; 
24;3;18.5;0; 
24.01;6;18.50333333333333;0; 
24.02;5;18.50666666666667;0; 
24.03;4;18.51;0; 
24.04;3;18.51333333333334;0; 
24.05;4;18.51666666666667;0; 
24.06;6;18.52;0; 
24.07;5;18.52333333333333;0; 
24.08;7;18.52666666666667;0; 
24.09;3;18.53;0; 
24.1;2;18.53333333333333;0; 
24.11;6;18.53666666666667;0; 
24.12;3;18.54;0; 
24.13;6;18.54333333333333;0; 
24.14;6;18.54666666666667;0; 
24.15;5;18.55;0; 
24.16;2;18.55333333333333;0; 
24.17;2;18.55666666666667;0; 
24.18;5;18.56;0; 
24.19;1;18.56333333333333;0; 
24.2;4;18.56666666666667;0; 
24.21;6;18.57;0; 
24.22;3;18.57333333333333;0; 
24.23;5;18.57666666666667;0; 
24.24;5;18.58;0; 
24.25;2;18.58333333333334;0; 
24.26;7;18.58666666666667;0; 
24.27;4;18.59;0; 
24.28;6;18.59333333333333;0; 
24.29;3;18.59666666666667;0; 
24.3;1;18.6;0; 
24.31;6;18.60333333333333;0; 
24.32;4;18.60666666666667;0; 
24.33;4;18.61;0; 
24.34;6;18.61333333333333;0; 
24.35;3;18.61666666666667;0; 
24.36;1;18.62;0; 
24.37;3;18.62333333333333;0; 
24.38;6;18.62666666666667;0; 
24.39;2;18.63;0; 
24.4;4;18.63333333333333;0; 
24.41;4;18.63666666666667;0; 
24.42;1;18.64;0; 
24.43;3;18.64333333333333;0; 
24.44;4;18.64666666666667;0; 
24.45;4;18.65;0; 
24.46;1;18.65333333333333;0; 
24.47;4;18.65666666666667;0; 
24.48;1;18.66;0; 
24.49;1;18.66333333333333;0; 
24.5;3;18.66666666666667;0; 
24.51;5;18.67;0; 
24.52;3;18.67333333333333;0; 
24.53;2;18.67666666666667;0; 
24.54;1;18.68;0; 
24.55;3;18.68333333333333;0; 
24.56;4;18.68666666666667;0; 
24.57;3;18.69;0; 
24.58;3;18.69333333333334;0; 
24.59;4;18.69666666666667;0; 
24.6;1;18.7;0; 
24.61;2;18.70333333333333;0; 
24.62;2;18.70666666666667;0; 
24.63;5;18.71;0; 
24.64;4;18.71333333333333;0; 
24.65;0;18.71666666666667;0; 
24.66;2;18.72;0; 
24.67;1;18.72333333333333;0; 
24.68;2;18.72666666666667;0; 
24.69;1;18.73;0; 
24.7;3;18.73333333333333;0; 
24.71;4;18.73666666666667;0; 
24.72;1;18.74;0; 
24.73;4;18.74333333333333;0; 
24.74;0;18.74666666666667;0; 
24.75;3;18.75;0; 
24.76;3;18.75333333333333;0; 
24.77;0;18.75666666666667;0; 
24.78;3;18.76;0; 
24.79;6;18.76333333333334;0; 
24.8;2;18.76666666666667;0; 
24.81;2;18.77;0; 
24.82;1;18.77333333333333;0; 
24.83;3;18.77666666666667;0; 
24.84;3;18.78;0; 
24.85;0;18.78333333333333;0; 
24.86;1;18.78666666666667;0; 
24.87;4;18.79;0; 
24.88;7;18.79333333333333;0; 
24.89;3;18.79666666666667;0; 
24.9;5;18.8;0; 
24.91;1;18.80333333333333;0; 
24.92;1;18.80666666666667;0; 
24.93;1;18.81;0; 
24.94;2;18.81333333333333;0; 
24.95;2;18.81666666666667;0; 
24.96;4;18.82;0; 
24.97;6;18.82333333333333;0; 
24.98;1;18.82666666666667;0; 
24.99;4;18.83;0; 
25;3;18.83333333333334;0; 
25.01;3;18.83666666666667;0; 
25.02;2;18.84;0; 
25.03;1;18.84333333333333;0; 
25.04;4;18.84666666666667;0; 
25.05;4;18.85;0; 
25.06;3;18.85333333333333;0; 
25.07;1;18.85666666666667;0; 
25.08;4;18.86;0; 
25.09;2;18.86333333333333;0; 
25.1;3;18.86666666666667;0; 
25.11;1;18.87;0; 
25.12;2;18.87333333333333;0; 
25.13;2;18.87666666666667;0; 
25.14;1;18.88;0; 
25.15;6;18.88333333333333;0; 
25.16;3;18.88666666666667;0; 
25.17;0;18.89;0; 
25.18;0;18.89333333333333;0; 
25.19;3;18.89666666666667;0; 
25.2;4;18.9;0; 
25.21;7;18.90333333333334;0; 
25.22;4;18.90666666666667;0; 
25.23;0;18.91;0; 
25.24;6;18.91333333333333;0; 
25.25;2;18.91666666666667;0; 
25.26;3;18.92;0; 
25.27;4;18.92333333333333;0; 
25.28;6;18.92666666666667;0; 
25.29;1;18.93;0; 
25.3;2;18.93333333333333;0; 
25.31;4;18.93666666666667;0; 
25.32;1;18.94;0; 
25.33;3;18.94333333333334;0; 
25.34;2;18.94666666666667;0; 
25.35;3;18.95;0; 
25.36;4;18.95333333333333;0; 
25.37;5;18.95666666666667;0; 
25.38;3;18.96;0; 
25.39;3;18.96333333333333;0; 
25.4;2;18.96666666666667;0; 
25.41;2;18.97;0; 
25.42;4;18.97333333333333;0; 
25.43;2;18.97666666666667;0; 
25.44;3;18.98;0; 
25.45;3;18.98333333333333;0; 
25.46;3;18.98666666666667;0; 
25.47;4;18.99;0; 
25.48;1;18.99333333333333;0; 
25.49;2;18.99666666666667;0; 
25.5;2;19;0; 
25.51;4;19.00333333333333;0; 
25.52;3;19.00666666666667;0; 
25.53;1;19.01;0; 
25.54;1;19.01333333333334;0; 
25.55;3;19.01666666666667;0; 
25.56;5;19.02;0; 
25.57;1;19.02333333333333;0; 
25.58;5;19.02666666666667;0; 
25.59;3;19.03;0; 
25.6;1;19.03333333333333;0; 
25.61;3;19.03666666666667;0; 
25.62;2;19.04;0; 
25.63;1;19.04333333333333;0; 
25.64;1;19.04666666666667;0; 
25.65;1;19.05;0; 
25.66;2;19.05333333333333;0; 
25.67;3;19.05666666666667;0; 
25.68;5;19.06;0; 
25.69;3;19.06333333333333;0; 
25.7;1;19.06666666666667;0; 
25.71;4;19.07;0; 
25.72;3;19.07333333333333;0; 
25.73;1;19.07666666666667;0; 
25.74;2;19.08;0; 
25.75;1;19.08333333333334;0; 
25.76;9;19.08666666666667;0; 
25.77;4;19.09;0; 
25.78;3;19.09333333333333;0; 
25.79;0;19.09666666666667;0; 
25.8;3;19.1;0; 
25.81;1;19.10333333333333;0; 
25.82;0;19.10666666666667;0; 
25.83;3;19.11;0; 
25.84;2;19.11333333333333;0; 
25.85;0;19.11666666666667;0; 
25.86;3;19.12;0; 
25.87;1;19.12333333333333;0; 
25.88;1;19.12666666666667;0; 
25.89;3;19.13;0; 
25.9;2;19.13333333333333;0; 
25.91;1;19.13666666666667;0; 
25.92;4;19.14;0; 
25.93;1;19.14333333333333;0; 
25.94;1;19.14666666666667;0; 
25.95;2;19.15;0; 
25.96;3;19.15333333333334;0; 
25.97;2;19.15666666666667;0; 
25.98;0;19.16;0; 
25.99;4;19.16333333333333;0; 
26;3;19.16666666666667;0; 
26.01;3;19.17;0; 
26.02;4;19.17333333333333;0; 
26.03;2;19.17666666666667;0; 
26.04;1;19.18;0; 
26.05;0;19.18333333333333;0; 
26.06;4;19.18666666666667;0; 
26.07;0;19.19;0; 
26.08;2;19.19333333333334;0; 
26.09;2;19.19666666666667;0; 
26.1;1;19.2;0; 
26.11;1;19.20333333333333;0; 
26.12;2;19.20666666666667;0; 
26.13;0;19.21;0; 
26.14;1;19.21333333333333;0; 
26.15;0;19.21666666666667;0; 
26.16;1;19.22;0; 
26.17;0;19.22333333333333;0; 
26.18;3;19.22666666666667;0; 
26.19;2;19.23;0; 
26.2;1;19.23333333333333;0; 
26.21;5;19.23666666666667;0; 
26.22;4;19.24;0; 
26.23;1;19.24333333333333;0; 
26.24;0;19.24666666666667;0; 
26.25;5;19.25;0; 
26.26;0;19.25333333333333;0; 
26.27;2;19.25666666666667;0; 
26.28;2;19.26;0; 
26.29;1;19.26333333333334;0; 
26.3;0;19.26666666666667;0; 
26.31;5;19.27;0; 
26.32;1;19.27333333333333;0; 
26.33;2;19.27666666666667;0; 
26.34;3;19.28;0; 
26.35;2;19.28333333333333;0; 
26.36;3;19.28666666666667;0; 
26.37;0;19.29;0; 
26.38;1;19.29333333333333;0; 
26.39;0;19.29666666666667;0; 
26.4;2;19.3;0; 
26.41;1;19.30333333333333;0; 
26.42;1;19.30666666666667;0; 
26.43;2;19.31;0; 
26.44;2;19.31333333333333;0; 
26.45;3;19.31666666666667;0; 
26.46;3;19.32;0; 
26.47;3;19.32333333333333;0; 
26.48;1;19.32666666666667;0; 
26.49;1;19.33;0; 
26.5;0;19.33333333333334;0; 
26.51;1;19.33666666666667;0; 
26.52;3;19.34;0; 
26.53;6;19.34333333333333;0; 
26.54;5;19.34666666666667;0; 
26.55;1;19.35;0; 
26.56;3;19.35333333333333;0; 
26.57;2;19.35666666666667;0; 
26.58;3;19.36;0; 
26.59;4;19.36333333333333;0; 
26.6;0;19.36666666666667;0; 
26.61;1;19.37;0; 
26.62;1;19.37333333333333;0; 
26.63;2;19.37666666666667;0; 
26.64;0;19.38;0; 
26.65;2;19.38333333333333;0; 
26.66;0;19.38666666666667;0; 
26.67;1;19.39;0; 
26.68;1;19.39333333333333;0; 
26.69;2;19.39666666666667;0; 
26.7;2;19.4;0; 
26.71;1;19.40333333333334;0; 
26.72;1;19.40666666666667;0; 
26.73;2;19.41;0; 
26.74;2;19.41333333333333;0; 
26.75;3;19.41666666666667;0; 
26.76;1;19.42;0; 
26.77;2;19.42333333333333;0; 
26.78;1;19.42666666666667;0; 
26.79;1;19.43;0; 
26.8;3;19.43333333333333;0; 
26.81;3;19.43666666666667;0; 
26.82;0;19.44;0; 
26.83;1;19.44333333333334;0; 
26.84;2;19.44666666666667;0; 
26.85;0;19.45;0; 
26.86;0;19.45333333333333;0; 
26.87;2;19.45666666666667;0; 
26.88;0;19.46;0; 
26.89;2;19.46333333333333;0; 
26.9;0;19.46666666666667;0; 
26.91;4;19.47;0; 
26.92;0;19.47333333333333;0; 
26.93;1;19.47666666666667;0; 
26.94;1;19.48;0; 
26.95;1;19.48333333333333;0; 
26.96;3;19.48666666666667;0; 
26.97;2;19.49;0; 
26.98;3;19.49333333333333;0; 
26.99;0;19.49666666666667;0; 
27;1;19.5;0; 
27.01;0;19.50333333333333;0; 
27.02;1;19.50666666666667;0; 
27.03;1;19.51;0; 
27.04;2;19.51333333333334;0; 
27.05;2;19.51666666666667;0; 
27.06;1;19.52;0; 
27.07;3;19.52333333333333;0; 
27.08;1;19.52666666666667;0; 
27.09;1;19.53;0; 
27.1;2;19.53333333333333;0; 
27.11;0;19.53666666666667;0; 
27.12;3;19.54;0; 
27.13;1;19.54333333333333;0; 
27.14;1;19.54666666666667;0; 
27.15;1;19.55;0; 
27.16;1;19.55333333333333;0; 
27.17;3;19.55666666666667;0; 
27.18;2;19.56;0; 
27.19;1;19.56333333333333;0; 
27.2;0;19.56666666666667;0; 
27.21;3;19.57;0; 
27.22;1;19.57333333333333;0; 
27.23;3;19.57666666666667;0; 
27.24;1;19.58;0; 
27.25;2;19.58333333333334;0; 
27.26;1;19.58666666666667;0; 
27.27;1;19.59;0; 
27.28;1;19.59333333333333;0; 
27.29;0;19.59666666666667;0; 
27.3;1;19.6;0; 
27.31;1;19.60333333333333;0; 
27.32;2;19.60666666666667;0; 
27.33;1;19.61;0; 
27.34;1;19.61333333333333;0; 
27.35;3;19.61666666666667;0; 
27.36;0;19.62;0; 
27.37;1;19.62333333333333;0; 
27.38;0;19.62666666666667;0; 
27.39;0;19.63;0; 
27.4;1;19.63333333333333;0; 
27.41;1;19.63666666666667;0; 
27.42;1;19.64;0; 
27.43;2;19.64333333333333;0; 
27.44;0;19.64666666666667;0; 
27.45;2;19.65;0; 
27.46;0;19.65333333333334;0; 
27.47;1;19.65666666666667;0; 
27.48;1;19.66;0; 
27.49;2;19.66333333333333;0; 
27.5;0;19.66666666666667;0; 
27.51;1;19.67;0; 
27.52;0;19.67333333333333;0; 
27.53;1;19.67666666666667;0; 
27.54;0;19.68;0; 
27.55;1;19.68333333333333;0; 
27.56;1;19.68666666666667;0; 
27.57;1;19.69;0; 
27.58;0;19.69333333333334;0; 
27.59;1;19.69666666666667;0; 
27.6;0;19.7;0; 
27.61;0;19.70333333333333;0; 
27.62;0;19.70666666666667;0; 
27.63;0;19.71;0; 
27.64;0;19.71333333333333;0; 
27.65;0;19.71666666666667;0; 
27.66;0;19.72;0; 
27.67;0;19.72333333333333;0; 
27.68;1;19.72666666666667;0; 
27.69;0;19.73;0; 
27.7;1;19.73333333333333;0; 
27.71;0;19.73666666666667;0; 
27.72;1;19.74;0; 
27.73;0;19.74333333333333;0; 
27.74;0;19.74666666666667;0; 
27.75;0;19.75;0; 
27.76;1;19.75333333333333;0; 
27.77;0;19.75666666666667;0; 
27.78;0;19.76;0; 
27.79;1;19.76333333333334;0; 
27.8;1;19.76666666666667;0; 
27.81;0;19.77;0; 
27.82;2;19.77333333333333;0; 
27.83;1;19.77666666666667;0; 
27.84;2;19.78;0; 
27.85;0;19.78333333333333;0; 
27.86;0;19.78666666666667;0; 
27.87;1;19.79;0; 
27.88;0;19.79333333333333;0; 
27.89;1;19.79666666666667;0; 
27.9;0;19.8;0; 
27.91;0;19.80333333333333;0; 
27.92;1;19.80666666666667;0; 
27.93;0;19.81;0; 
27.94;0;19.81333333333333;0; 
27.95;1;19.81666666666667;0; 
27.96;2;19.82;0; 
27.97;1;19.82333333333333;0; 
27.98;0;19.82666666666667;0; 
27.99;0;19.83;0; 
28;0;19.83333333333334;0; 
28.01;0;19.83666666666667;0; 
28.02;0;19.84;0; 
28.03;0;19.84333333333333;0; 
28.04;0;19.84666666666667;0; 
28.05;0;19.85;0; 
28.06;0;19.85333333333333;0; 
28.07;0;19.85666666666667;0; 
28.08;0;19.86;0; 
28.09;0;19.86333333333333;0; 
28.1;1;19.86666666666667;0; 
28.11;1;19.87;0; 
28.12;0;19.87333333333333;0; 
28.13;2;19.87666666666667;0; 
28.14;0;19.88;0; 
28.15;1;19.88333333333333;0; 
28.16;0;19.88666666666667;0; 
28.17;0;19.89;0; 
28.18;0;19.89333333333333;0; 
28.19;0;19.89666666666667;0; 
28.2;0;19.9;0; 
28.21;0;19.90333333333334;0; 
28.22;0;19.90666666666667;0; 
28.23;1;19.91;0; 
28.24;0;19.91333333333333;0; 
28.25;0;19.91666666666667;0; 
28.26;2;19.92;0; 
28.27;0;19.92333333333333;0; 
28.28;0;19.92666666666667;0; 
28.29;0;19.93;0; 
28.3;0;19.93333333333333;0; 
28.31;1;19.93666666666667;0; 
28.32;0;19.94;0; 
28.33;0;19.94333333333334;0; 
28.34;0;19.94666666666667;0; 
28.35;1;19.95;0; 
28.36;0;19.95333333333333;0; 
28.37;0;19.95666666666667;0; 
28.38;0;19.96;0; 
28.39;0;19.96333333333333;0; 
28.4;2;19.96666666666667;0; 
28.41;0;19.97;0; 
28.42;0;19.97333333333333;0; 
28.43;0;19.97666666666667;0; 
28.44;0;19.98;0; 
28.45;0;19.98333333333333;0; 
28.46;2;19.98666666666667;0; 
28.47;0;19.99;0; 
28.48;0;19.99333333333333;0; 
28.49;1;19.99666666666667;0; 
28.5;0;20;0; 
28.51;1;20.00333333333333;0; 
28.52;1;20.00666666666667;0; 
28.53;0;20.01;0; 
28.54;0;20.01333333333334;0; 
28.55;0;20.01666666666667;0; 
28.56;0;20.02;0; 
28.57;0;20.02333333333333;0; 
28.58;0;20.02666666666667;0; 
28.59;0;20.03;0; 
28.6;0;20.03333333333333;0; 
28.61;0;20.03666666666667;0; 
28.62;0;20.04;0; 
28.63;0;20.04333333333333;0; 
28.64;0;20.04666666666667;0; 
28.65;1;20.05;0; 
28.66;0;20.05333333333333;0; 
28.67;0;20.05666666666666;0; 
28.68;1;20.06;0; 
28.69;0;20.06333333333333;0; 
28.7;0;20.06666666666667;0; 
28.71;0;20.07;0; 
28.72;0;20.07333333333333;0; 
28.73;0;20.07666666666667;0; 
28.74;1;20.08;0; 
28.75;0;20.08333333333334;0; 
28.76;0;20.08666666666667;0; 
28.77;0;20.09;0; 
28.78;0;20.09333333333333;0; 
28.79;0;20.09666666666667;0; 
28.8;1;20.1;0; 
28.81;0;20.10333333333333;0; 
28.82;0;20.10666666666667;0; 
28.83;0;20.11;0; 
28.84;0;20.11333333333333;0; 
28.85;0;20.11666666666667;0; 
28.86;0;20.12;0; 
28.87;0;20.12333333333333;0; 
28.88;0;20.12666666666667;0; 
28.89;0;20.13;0; 
28.9;0;20.13333333333333;0; 
28.91;0;20.13666666666667;0; 
28.92;0;20.14;0; 
28.93;0;20.14333333333333;0; 
28.94;0;20.14666666666667;0; 
28.95;0;20.15;0; 
28.96;0;20.15333333333334;0; 
28.97;0;20.15666666666667;0; 
28.98;0;20.16;0; 
28.99;0;20.16333333333333;0; 
29;0;20.16666666666667;0; 
29.01;1;20.17;0; 
29.02;0;20.17333333333333;0; 
29.03;0;20.17666666666667;0; 
29.04;0;20.18;0; 
29.05;0;20.18333333333333;0; 
29.06;0;20.18666666666667;0; 
29.07;0;20.19;0; 
29.08;0;20.19333333333334;0; 
29.09;0;20.19666666666667;0; 
29.1;0;20.2;0; 
29.11;0;20.20333333333333;0; 
29.12;0;20.20666666666667;0; 
29.13;0;20.21;0; 
29.14;0;20.21333333333333;0; 
29.15;0;20.21666666666667;0; 
29.16;0;20.22;0; 
29.17;0;20.22333333333334;0; 
29.18;0;20.22666666666667;0; 
29.19;0;20.23;0; 
29.2;0;20.23333333333333;0; 
29.21;0;20.23666666666666;0; 
29.22;0;20.24;0; 
29.23;0;20.24333333333333;0; 
29.24;0;20.24666666666667;0; 
29.25;1;20.25;0; 
29.26;0;20.25333333333333;0; 
29.27;0;20.25666666666667;0; 
29.28;0;20.26;0; 
29.29;0;20.26333333333334;0; 
29.3;0;20.26666666666667;0; 
29.31;0;20.27;0; 
29.32;0;20.27333333333333;0; 
29.33;0;20.27666666666667;0; 
29.34;0;20.28;0; 
29.35;0;20.28333333333333;0; 
29.36;0;20.28666666666667;0; 
29.37;0;20.29;0; 
29.38;0;20.29333333333333;0; 
29.39;1;20.29666666666667;0; 
29.4;0;20.3;0; 
29.41;0;20.30333333333333;0; 
29.42;0;20.30666666666666;0; 
29.43;0;20.31;0; 
29.44;0;20.31333333333333;0; 
29.45;0;20.31666666666667;0; 
29.46;0;20.32;0; 
29.47;0;20.32333333333333;0; 
29.48;0;20.32666666666667;0; 
29.49;1;20.33;0; 
29.5;0;20.33333333333334;0; 
29.51;0;20.33666666666667;0; 
29.52;0;20.34;0; 
29.53;0;20.34333333333333;0; 
29.54;0;20.34666666666667;0; 
29.55;0;20.35;0; 
29.56;0;20.35333333333333;0; 
29.57;0;20.35666666666667;0; 
29.58;0;20.36;0; 
29.59;0;20.36333333333333;0; 
29.6;0;20.36666666666667;0; 
29.61;0;20.37;0; 
29.62;0;20.37333333333333;0; 
29.63;0;20.37666666666667;0; 
29.64;0;20.38;0; 
29.65;0;20.38333333333333;0; 
29.66;0;20.38666666666667;0; 
29.67;0;20.39;0; 
29.68;0;20.39333333333333;0; 
29.69;0;20.39666666666667;0; 
29.7;0;20.4;0; 
29.71;0;20.40333333333334;0; 
29.72;0;20.40666666666667;0; 
29.73;0;20.41;0; 
29.74;0;20.41333333333333;0; 
29.75;0;20.41666666666667;0; 
29.76;0;20.42;0; 
29.77;0;20.42333333333333;0; 
29.78;0;20.42666666666667;0; 
29.79;0;20.43;0; 
29.8;0;20.43333333333333;0; 
29.81;0;20.43666666666667;0; 
29.82;0;20.44;0; 
29.83;0;20.44333333333334;0; 
29.84;0;20.44666666666667;0; 
29.85;0;20.45;0; 
29.86;0;20.45333333333333;0; 
29.87;0;20.45666666666667;0; 
29.88;0;20.46;0; 
29.89;0;20.46333333333333;0; 
29.9;0;20.46666666666667;0; 
29.91;0;20.47;0; 
29.92;0;20.47333333333334;0; 
29.93;0;20.47666666666667;0; 
29.94;0;20.48;0; 
29.95;0;20.48333333333333;0; 
29.96;0;20.48666666666666;0; 
29.97;0;20.49;0; 
29.98;0;20.49333333333333;0; 
29.99;0;20.49666666666667;0; 
30;0;20.5;0; 
30.01;0;20.50333333333333;0; 
30.02;0;20.50666666666667;0; 
30.03;0;20.51;0; 
30.04;0;20.51333333333334;0; 
30.05;0;20.51666666666667;0; 
30.06;0;20.52;0; 
30.07;0;20.52333333333333;0; 
30.08;0;20.52666666666667;0; 
30.09;0;20.53;0; 
30.1;0;20.53333333333333;0; 
30.11;0;20.53666666666667;0; 
30.12;0;20.54;0; 
30.13;0;20.54333333333333;0; 
30.14;0;20.54666666666667;0; 
30.15;0;20.55;0; 
30.16;0;20.55333333333333;0; 
30.17;0;20.55666666666666;0; 
30.18;0;20.56;0; 
30.19;0;20.56333333333333;0; 
30.2;0;20.56666666666667;0; 
30.21;0;20.57;0; 
30.22;0;20.57333333333333;0; 
30.23;0;20.57666666666667;0; 
30.24;0;20.58;0; 
30.25;0;20.58333333333334;0; 
30.26;0;20.58666666666667;0; 
30.27;0;20.59;0; 
30.28;0;20.59333333333333;0; 
30.29;0;20.59666666666667;0; 
30.3;0;20.6;0; 
30.31;0;20.60333333333333;0; 
30.32;0;20.60666666666667;0; 
30.33;0;20.61;0; 
30.34;0;20.61333333333333;0; 
30.35;0;20.61666666666667;0; 
30.36;0;20.62;0; 
30.37;0;20.62333333333333;0; 
30.38;0;20.62666666666667;0; 
30.39;0;20.63;0; 
30.4;0;20.63333333333333;0; 
30.41;0;20.63666666666667;0; 
30.42;0;20.64;0; 
30.43;0;20.64333333333333;0; 
30.44;0;20.64666666666667;0; 
30.45;0;20.65;0; 
30.46;0;20.65333333333334;0; 
30.47;0;20.65666666666667;0; 
30.48;0;20.66;0; 
30.49;0;20.66333333333333;0; 
30.5;0;20.66666666666667;0; 
30.51;0;20.67;0; 
30.52;0;20.67333333333333;0; 
30.53;0;20.67666666666667;0; 
30.54;0;20.68;0; 
30.55;0;20.68333333333333;0; 
30.56;0;20.68666666666667;0; 
30.57;0;20.69;0; 
30.58;0;20.69333333333334;0; 
30.59;0;20.69666666666667;0; 
30.6;0;20.7;0; 
30.61;0;20.70333333333333;0; 
30.62;0;20.70666666666667;0; 
30.63;0;20.71;0; 
30.64;0;20.71333333333333;0; 
30.65;0;20.71666666666667;0; 
30.66;0;20.72;0; 
30.67;0;20.72333333333334;0; 
30.68;0;20.72666666666667;0; 
30.69;0;20.73;0; 
30.7;0;20.73333333333333;0; 
30.71;0;20.73666666666666;0; 
30.72;0;20.74;0; 
30.73;0;20.74333333333333;0; 
30.74;0;20.74666666666667;0; 
30.75;0;20.75;0; 
30.76;0;20.75333333333333;0; 
30.77;0;20.75666666666667;0; 
30.78;0;20.76;0; 
30.79;0;20.76333333333334;0; 
30.8;0;20.76666666666667;0; 
30.81;0;20.77;0; 
30.82;0;20.77333333333333;0; 
30.83;0;20.77666666666667;0; 
30.84;0;20.78;0; 
30.85;0;20.78333333333333;0; 
30.86;0;20.78666666666667;0; 
30.87;0;20.79;0; 
30.88;0;20.79333333333334;0; 
30.89;0;20.79666666666667;0; 
30.9;0;20.8;0; 
30.91;0;20.80333333333333;0; 
30.92;0;20.80666666666666;0; 
30.93;0;20.81;0; 
30.94;0;20.81333333333333;0; 
30.95;0;20.81666666666667;0; 
30.96;0;20.82;0; 
30.97;0;20.82333333333333;0; 
30.98;0;20.82666666666667;0; 
30.99;0;20.83;0; 
31;0;20.83333333333334;0; 
31.01;0;20.83666666666667;0; 
31.02;0;20.84;0; 
31.03;0;20.84333333333333;0; 
31.04;0;20.84666666666667;0; 
31.05;0;20.85;0; 
31.06;0;20.85333333333333;0; 
31.07;0;20.85666666666667;0; 
31.08;0;20.86;0; 
31.09;0;20.86333333333333;0; 
31.1;0;20.86666666666667;0; 
31.11;0;20.87;0; 
31.12;0;20.87333333333333;0; 
31.13;0;20.87666666666667;0; 
31.14;0;20.88;0; 
31.15;0;20.88333333333333;0; 
31.16;0;20.88666666666667;0; 
31.17;0;20.89;0; 
31.18;0;20.89333333333333;0; 
31.19;0;20.89666666666667;0; 
31.2;0;20.9;0; 
31.21;0;20.90333333333334;0; 
31.22;0;20.90666666666667;0; 
31.23;0;20.91;0; 
31.24;0;20.91333333333333;0; 
31.25;0;20.91666666666667;0; 
31.26;0;20.92;0; 
31.27;0;20.92333333333333;0; 
31.28;0;20.92666666666667;0; 
31.29;0;20.93;0; 
31.3;0;20.93333333333333;0; 
31.31;0;20.93666666666667;0; 
31.32;0;20.94;0; 
31.33;0;20.94333333333334;0; 
31.34;0;20.94666666666667;0; 
31.35;0;20.95;0; 
31.36;0;20.95333333333333;0; 
31.37;0;20.95666666666667;0; 
31.38;0;20.96;0; 
31.39;0;20.96333333333333;0; 
31.4;0;20.96666666666667;0; 
31.41;0;20.97;0; 
31.42;0;20.97333333333334;0; 
31.43;0;20.97666666666667;0; 
31.44;0;20.98;0; 
31.45;0;20.98333333333333;0; 
31.46;0;20.98666666666666;0; 
31.47;0;20.99;0; 
31.48;0;20.99333333333333;0; 
31.49;0;20.99666666666667;0; 
31.5;0;21;0; 
31.51;0;21.00333333333333;0; 
31.52;0;21.00666666666667;0; 
31.53;0;21.01;0; 
31.54;0;21.01333333333334;0; 
31.55;0;21.01666666666667;0; 
31.56;0;21.02;0; 
31.57;0;21.02333333333333;0; 
31.58;0;21.02666666666667;0; 
31.59;0;21.03;0; 
31.6;0;21.03333333333333;0; 
31.61;0;21.03666666666667;0; 
31.62;0;21.04;0; 
31.63;0;21.04333333333334;0; 
31.64;0;21.04666666666667;0; 
31.65;0;21.05;0; 
31.66;0;21.05333333333333;0; 
31.67;0;21.05666666666666;0; 
31.68;0;21.06;0; 
31.69;0;21.06333333333333;0; 
31.7;0;21.06666666666667;0; 
31.71;0;21.07;0; 
31.72;0;21.07333333333333;0; 
31.73;0;21.07666666666667;0; 
31.74;0;21.08;0; 
31.75;0;21.08333333333334;0; 
31.76;0;21.08666666666667;0; 
31.77;0;21.09;0; 
31.78;0;21.09333333333333;0; 
31.79;0;21.09666666666667;0; 
31.8;0;21.1;0; 
31.81;0;21.10333333333333;0; 
31.82;0;21.10666666666667;0; 
31.83;0;21.11;0; 
31.84;0;21.11333333333333;0; 
31.85;0;21.11666666666667;0; 
31.86;0;21.12;0; 
31.87;0;21.12333333333333;0; 
31.88;0;21.12666666666667;0; 
31.89;0;21.13;0; 
31.9;0;21.13333333333333;0; 
31.91;0;21.13666666666667;0; 
31.92;0;21.14;0; 
31.93;0;21.14333333333333;0; 
31.94;0;21.14666666666667;0; 
31.95;0;21.15;0; 
31.96;0;21.15333333333334;0; 
31.97;0;21.15666666666667;0; 
31.98;0;21.16;0; 
31.99;0;21.16333333333333;0; 
32;0;21.16666666666667;0; 
32.01000000000001;0;21.17;0; 
32.02;0;21.17333333333333;0; 
32.03;0;21.17666666666667;0; 
32.04;0;21.18;0; 
32.05;0;21.18333333333333;0; 
32.06;0;21.18666666666667;0; 
32.07;0;21.19;0; 
32.08;0;21.19333333333334;0; 
32.09;0;21.19666666666667;0; 
32.1;0;21.2;0; 
32.11;0;21.20333333333333;0; 
32.12;0;21.20666666666667;0; 
32.13;0;21.21;0; 
32.14;0;21.21333333333333;0; 
32.15000000000001;0;21.21666666666667;0; 
32.16;0;21.22;0; 
32.17;0;21.22333333333334;0; 
32.18;0;21.22666666666667;0; 
32.19;0;21.23;0; 
32.2;0;21.23333333333333;0; 
32.21;0;21.23666666666667;0; 
32.22;0;21.24;0; 
32.23;0;21.24333333333333;0; 
32.24;0;21.24666666666667;0; 
32.25;0;21.25;0; 
32.26000000000001;0;21.25333333333333;0; 
32.27;0;21.25666666666667;0; 
32.28;0;21.26;0; 
32.29;0;21.26333333333334;0; 
32.3;0;21.26666666666667;0; 
32.31;0;21.27;0; 
32.32;0;21.27333333333333;0; 
32.33;0;21.27666666666667;0; 
32.34;0;21.28;0; 
32.35;0;21.28333333333333;0; 
32.36;0;21.28666666666667;0; 
32.37;0;21.29;0; 
32.38;0;21.29333333333334;0; 
32.39;0;21.29666666666667;0; 
32.40000000000001;0;21.3;0; 
32.41;0;21.30333333333333;0; 
32.42;0;21.30666666666666;0; 
32.43;0;21.31;0; 
32.44;0;21.31333333333333;0; 
32.45;0;21.31666666666667;0; 
32.46;0;21.32;0; 
32.47;0;21.32333333333333;0; 
32.48;0;21.32666666666667;0; 
32.49;0;21.33;0; 
32.5;0;21.33333333333334;0; 
32.51000000000001;0;21.33666666666667;0; 
32.52;0;21.34;0; 
32.53;0;21.34333333333333;0; 
32.54;0;21.34666666666667;0; 
32.55;0;21.35;0; 
32.56;0;21.35333333333333;0; 
32.57;0;21.35666666666667;0; 
32.58;0;21.36;0; 
32.59;0;21.36333333333333;0; 
32.6;0;21.36666666666667;0; 
32.61;0;21.37;0; 
32.62;0;21.37333333333333;0; 
32.63;0;21.37666666666667;0; 
32.64;0;21.38;0; 
32.65000000000001;0;21.38333333333333;0; 
32.66;0;21.38666666666667;0; 
32.67;0;21.39;0; 
32.68;0;21.39333333333333;0; 
32.69;0;21.39666666666667;0; 
32.7;0;21.4;0; 
32.71;0;21.40333333333334;0; 
32.72;0;21.40666666666667;0; 
32.73;0;21.41;0; 
32.74;0;21.41333333333333;0; 
32.75;0;21.41666666666667;0; 
32.76000000000001;0;21.42;0; 
32.77;0;21.42333333333333;0; 
32.78;0;21.42666666666667;0; 
32.79;0;21.43;0; 
32.8;0;21.43333333333333;0; 
32.81;0;21.43666666666667;0; 
32.82;0;21.44;0; 
32.83;0;21.44333333333334;0; 
32.84;0;21.44666666666667;0; 
32.85;0;21.45;0; 
32.86;0;21.45333333333333;0; 
32.87;0;21.45666666666667;0; 
32.88;0;21.46;0; 
32.89;0;21.46333333333333;0; 
32.90000000000001;0;21.46666666666667;0; 
32.91;0;21.47;0; 
32.92;0;21.47333333333334;0; 
32.93;0;21.47666666666667;0; 
32.94;0;21.48;0; 
32.95;0;21.48333333333333;0; 
32.96;0;21.48666666666667;0; 
32.97;0;21.49;0; 
32.98;0;21.49333333333333;0; 
32.99;0;21.49666666666667;0; 
33;0;21.5;0; 
33.01000000000001;0;21.50333333333333;0; 
33.02;0;21.50666666666667;0; 
33.03;0;21.51;0; 
33.04;0;21.51333333333334;0; 
33.05;0;21.51666666666667;0; 
33.06;0;21.52;0; 
33.07;0;21.52333333333333;0; 
33.08;0;21.52666666666667;0; 
33.09;0;21.53;0; 
33.1;0;21.53333333333333;0; 
33.11;0;21.53666666666667;0; 
33.12;0;21.54;0; 
33.13;0;21.54333333333334;0; 
33.14;0;21.54666666666667;0; 
33.15000000000001;0;21.55;0; 
33.16;0;21.55333333333333;0; 
33.17;0;21.55666666666666;0; 
33.18;0;21.56;0; 
33.19;0;21.56333333333333;0; 
33.2;0;21.56666666666667;0; 
33.21;0;21.57;0; 
33.22;0;21.57333333333333;0; 
33.23;0;21.57666666666667;0; 
33.24;0;21.58;0; 
33.25;0;21.58333333333334;0; 
33.26000000000001;0;21.58666666666667;0; 
33.27;0;21.59;0; 
33.28;0;21.59333333333333;0; 
33.29;0;21.59666666666667;0; 
33.3;0;21.6;0; 
33.31;0;21.60333333333333;0; 
33.32;0;21.60666666666667;0; 
33.33;0;21.61;0; 
33.34;0;21.61333333333333;0; 
33.35;0;21.61666666666667;0; 
33.36;0;21.62;0; 
33.37;0;21.62333333333333;0; 
33.38;0;21.62666666666667;0; 
33.39;0;21.63;0; 
33.40000000000001;0;21.63333333333333;0; 
33.41;0;21.63666666666667;0; 
33.42;0;21.64;0; 
33.43;0;21.64333333333333;0; 
33.44;0;21.64666666666667;0; 
33.45;0;21.65;0; 
33.46;0;21.65333333333334;0; 
33.47;0;21.65666666666667;0; 
33.48;0;21.66;0; 
33.49;0;21.66333333333333;0; 
33.5;0;21.66666666666667;0; 
33.51000000000001;0;21.67;0; 
33.52;0;21.67333333333333;0; 
33.53;0;21.67666666666667;0; 
33.54;0;21.68;0; 
33.55;0;21.68333333333333;0; 
33.56;0;21.68666666666667;0; 
33.57;0;21.69;0; 
33.58;0;21.69333333333334;0; 
33.59;0;21.69666666666667;0; 
33.6;0;21.7;0; 
33.61;0;21.70333333333333;0; 
33.62;0;21.70666666666667;0; 
33.63;0;21.71;0; 
33.64;0;21.71333333333333;0; 
33.65000000000001;0;21.71666666666667;0; 
33.66;0;21.72;0; 
33.67;0;21.72333333333334;0; 
33.68;0;21.72666666666667;0; 
33.69;0;21.73;0; 
33.7;0;21.73333333333333;0; 
33.71;0;21.73666666666667;0; 
33.72;0;21.74;0; 
33.73;0;21.74333333333333;0; 
33.74;0;21.74666666666667;0; 
33.75;0;21.75;0; 
33.76000000000001;0;21.75333333333333;0; 
33.77;0;21.75666666666667;0; 
33.78;0;21.76;0; 
33.79;0;21.76333333333334;0; 
33.8;0;21.76666666666667;0; 
33.81;0;21.77;0; 
33.82;0;21.77333333333333;0; 
33.83;0;21.77666666666667;0; 
33.84;0;21.78;0; 
33.85;0;21.78333333333333;0; 
33.86;0;21.78666666666667;0; 
33.87;0;21.79;0; 
33.88;0;21.79333333333334;0; 
33.89;0;21.79666666666667;0; 
33.90000000000001;0;21.8;0; 
33.91;0;21.80333333333333;0; 
33.92;0;21.80666666666666;0; 
33.93;0;21.81;0; 
33.94;0;21.81333333333333;0; 
33.95;0;21.81666666666667;0; 
33.96;0;21.82;0; 
33.97;0;21.82333333333333;0; 
33.98;0;21.82666666666667;0; 
33.99;0;21.83;0; 
34;0;21.83333333333334;0; 
34.01000000000001;0;21.83666666666667;0; 
34.02;0;21.84;0; 
34.03;0;21.84333333333333;0; 
34.04;0;21.84666666666667;0; 
34.05;0;21.85;0; 
34.06;0;21.85333333333333;0; 
34.07;0;21.85666666666667;0; 
34.08;0;21.86;0; 
34.09;0;21.86333333333333;0; 
34.1;0;21.86666666666667;0; 
34.11;0;21.87;0; 
34.12;0;21.87333333333333;0; 
34.13;0;21.87666666666667;0; 
34.14;0;21.88;0; 
34.15000000000001;0;21.88333333333333;0; 
34.16;0;21.88666666666667;0; 
34.17;0;21.89;0; 
34.18;0;21.89333333333333;0; 
34.19;0;21.89666666666667;0; 
34.2;0;21.9;0; 
34.21;0;21.90333333333334;0; 
34.22;0;21.90666666666667;0; 
34.23;0;21.91;0; 
34.24;0;21.91333333333333;0; 
34.25;0;21.91666666666667;0; 
34.26000000000001;0;21.92;0; 
34.27;0;21.92333333333333;0; 
34.28;0;21.92666666666667;0; 
34.29;0;21.93;0; 
34.3;0;21.93333333333333;0; 
34.31;0;21.93666666666667;0; 
34.32;0;21.94;0; 
34.33;0;21.94333333333334;0; 
34.34;0;21.94666666666667;0; 
34.35;26;21.95;0; 
34.36;19;21.95333333333333;0; 
34.37;12;21.95666666666667;0; 
34.38;10;21.96;0; 
34.39;8;21.96333333333333;0; 
34.40000000000001;8;21.96666666666667;0; 
34.41;6;21.97;0; 
34.42;7;21.97333333333334;0; 
34.43;6;21.97666666666667;0; 
34.44;6;21.98;0; 
34.45;6;21.98333333333333;0; 
34.46;5;21.98666666666667;0; 
34.47;6;21.99;0; 
34.48;5;21.99333333333333;0; 
34.49;4;21.99666666666667;0; 
