1  0.01  1.068616478149106  1.038600144712825  25.51045139787729  12.72380831275445  12.04851358127393  12.04861948725172  0.1967100351011776  0.3753267009401182  0.06052781124890503  59.11779303869939
201  1.01  1.030928814387885  1.060240106592646  22.784822523822  23.87194361691706  12.03647743412927  12.0360778391693  0.3587356271387776  0.3618275967385948  0.05897322719621997  59.11779303869939
401  2.009999999999979  1.050836793368899  1.049028372095865  23.91654143604591  23.58291932045734  12.07913619741687  12.05626484123307  0.1526239437673731  0.2924902307065951  0.06120171709889192  59.11779303869939
601  3.009999999999958  1.107768504244281  1.065539023851449  25.73450044713179  23.51766385487871  11.89801594574693  12.03160714061907  0.1367954174804674  0.2223841226353632  0.06126569986406288  59.11779303869939
801  4.009999999999937  1.073585677425271  1.07202268629006  21.72036835780737  23.76965207791823  12.01034478958478  12.0102684140849  0.2105406223862392  0.2078526263188768  0.06074710964679189  59.11779303869939
1001  5.009999999999915  1.093209123944017  1.070974647995441  21.88687632722689  23.62492255448008  11.95142836167613  12.00648629460807  0.2984432185478254  0.2126627171995666  0.05978202648318866  59.11779303869939
1201  6.009999999999894  1.048373252032311  1.069717584324965  23.20714184342379  23.77966121497718  12.02271775824227  12.00068952969295  0.2876551667441039  0.2253251348738734  0.05971125044382485  59.11779303869939
1401  7.009999999999873  1.019839956592977  1.065891155636994  22.42447166642614  23.72236869591951  12.01541441326583  12.00456516737648  0.3929002015292891  0.2456046291393312  0.05865948323580624  59.11779303869939
1601  8.009999999999852  1.045176538649764  1.06146431833133  23.50651787340341  23.78654579997109  12.0723682341668  12.00842525631541  0.5616425982673638  0.2698352370092087  0.05649592850636922  59.11779303869939
1801  9.010000000000009  1.013438575208757  1.056179187102951  26.24291481318404  23.76190757478399  12.09296269561935  12.01700833584409  0.3926486886386565  0.2923629576960456  0.05792363093651787  59.11779303869939
2001  10.01000000000016  1.071778820652091  1.053148046328014  23.05324005465809  23.74907704454566  12.1252844740628  12.02680171971085  0.1039444119084927  0.2958464447953978  0.06181948887051304  59.11779303869939
2201  11.01000000000032  1.07429550989211  1.056030848965981  24.72932465483112  23.64408025552534  11.91011433882712  12.02715664098943  0.2542357836501549  0.2850849961506904  0.05990268125916487  59.11779303869939
2401  12.01000000000048  1.039047669637531  1.057858638082217  22.94012577912263  23.78282462138181  12.04743456497558  12.02060531118288  0.3549857632579837  0.2833498595032165  0.05898815913803512  59.11779303869939
2601  13.01000000000063  1.060015291641246  1.057606673755201  25.0538912051157  23.69888498978101  11.97509036666432  12.02180498794411  0.4093870530266265  0.2890790776865239  0.05794703537526222  59.11779303869939
2801  14.01000000000079  1.02880297743345  1.056765831707631  23.5204888471664  23.75313736351676  12.08756454409086  12.02171582272978  0.4191024324358137  0.2970806441518977  0.05814372253858114  59.11779303869939
3001  0.01  1.027205162315394  1.030616558929694  26.46332950349407  26.28772773023337  12.05987508060367  12.05979531737541  0.446844083249648  0.4457886222802419  0.05717444290767589  59.11779303869939
3201  1.01  1.026376865107974  1.021742384157197  24.21135303305843  23.98940469123919  12.1485088923448  12.11111320368135  0.4735775629905364  0.5116265098198881  0.05735131775073335  59.11779303869939
3401  2.009999999999979  1.00515294937558  1.018615765744319  23.37143740801322  24.09300130416435  12.18164899697535  12.13450585478069  0.5129030490222674  0.5224672590583364  0.05709448643996676  59.11779303869939
3601  3.009999999999958  1.121093884998233  1.037379938173219  21.43437064197906  23.38636852838115  12.05863968036829  12.14588310004095  0.2989723775521068  0.4446456631575032  0.0598429695690702  59.11779303869939
3801  4.009999999999937  1.114875463986436  1.062671514733165  26.11770697327244  23.83787786464383  11.98204524847806  12.10010629051072  0.3741313922096789  0.4068324054892633  0.05818611000441318  59.11779303869939
4001  5.009999999999915  1.040061944788927  1.062115551528918  19.82721529851075  23.63137117347105  12.0816688964099  12.09336537238561  0.4716523653461416  0.4014789896983104  0.05839297354603239  59.11779303869939
4201  6.009999999999894  1.030320829679029  1.058085607220352  23.92597395372586  23.77295626455539  12.02941843456255  12.08170878440524  0.444427176392045  0.404901325864879  0.05776149696065593  59.11779303869939
4401  7.009999999999873  1.022388862569675  1.05442237573939  21.41280211813751  23.72940340146664  12.12381358403028  12.08307934202488  0.59280639876652  0.4180738124076468  0.05674649713578628  59.11779303869939
4601  8.009999999999852  0.994927242256175  1.049913236488557  23.9503739833315  23.80796901000652  12.14505749756848  12.0875057578063  0.5533448514135495  0.4326365406311835  0.05647102298885943  59.11779303869939
4801  9.010000000000009  1.027256112225036  1.043955501312781  24.24312582743977  23.76757431857876  12.21567813683226  12.09963458712225  0.411610893004459  0.4399648072626501  0.05808399357440548  59.11779303869939
